0.001,0,51.4505,7.48973,250.365,5.0945,344.185,1,20,-99,-6,11,41,40,6,28371201,262,1,66,13499,
1.059,5.3797,51.4505,7.48969,250.358,5.11298,342.735,1,24,-97,-6,11,43,40,6,28371201,262,1,66,13499,
2.103,12.204,51.4506,7.4897,250.59,5.54167,342.16,1,24,-97,-6,11,43,40,6,28371201,262,1,66,13499,
3.117,17.5636,51.4506,7.48967,252.569,5.88856,341.81,1,24,-97,-6,11,43,40,6,28371201,262,1,66,13499,
4.116,27.7082,51.4507,7.48962,254.657,5.02864,344.013,1,19,-97,-7,11,43,41,6,28371201,262,1,66,13499,
5.116,31.323,51.4508,7.48962,252.212,3.38009,342.276,1,19,-97,-7,11,43,41,6,28371201,262,1,66,13499,
6.116,34.5372,51.4508,7.48961,250.568,3.14446,340.481,1,14,-98,-6,11,42,37,6,28371201,262,1,66,13499,
7.116,38.0663,51.4508,7.48959,250.123,3.65871,316.162,1,14,-98,-6,11,42,37,6,28371201,262,1,66,13499,
8.116,42.5841,51.4508,7.48953,251.097,4.50869,287.319,1,10,-99,-8,10,41,39,6,28371201,262,1,66,13499,
9.116,46.9209,51.4508,7.48947,249.872,4.41546,258.942,1,10,-99,-8,10,41,39,6,28371201,262,1,66,13499,
10.116,51.9245,51.4508,7.48941,250.341,4.2621,257.703,1,12,-100,-8,9,40,38,6,28371201,262,1,66,13499,
11.116,55.7309,51.4508,7.48936,251.818,4.42378,255.101,1,12,-100,-8,9,40,38,6,28371201,262,1,66,13499,
12.116,60.4873,51.4508,7.4893,253.061,4.77258,252.8,1,10,-102,-7,9,38,35,6,28371201,262,1,66,13499,
13.116,66.2934,51.4508,7.48922,252.727,5.3272,250.14,1,10,-102,-7,9,38,35,6,28371201,262,1,66,13499,
14.116,70.8901,51.4507,7.48916,251.444,6.03096,247.409,1,15,-101,-9,2,39,39,6,28371201,262,1,66,13499,
15.116,77.2933,51.4507,7.48908,250.627,6.52386,244.249,1,15,-101,-9,2,39,39,6,28371201,262,1,66,13499,
16.116,83.73,51.4507,7.48901,249.666,6.76253,241.323,1,10,-101,-8,2,39,38,6,28371201,262,1,66,13499,
17.116,91.3528,51.4506,7.48892,249.073,7.45244,237.204,1,10,-101,-8,2,39,38,6,28371201,262,1,66,13499,
18.116,98.9414,51.4506,7.48883,249.671,7.76897,234.408,1,10,-98,-10,9,42,44,5,28371201,262,1,66,13499,
19.116,106.402,51.4505,7.48876,250.582,7.73799,231.112,1,10,-98,-10,9,42,44,5,28371201,262,1,66,13499,
20.116,113.61,51.4505,7.48869,250.873,6.85277,230.656,1,14,-100,-8,10,40,39,5,28371201,262,1,66,13499,
21.116,119.864,51.4505,7.48861,250.723,5.96083,231.777,1,14,-100,-8,10,40,39,5,28371201,262,1,66,13499,
22.116,125.949,51.4504,7.48854,249.92,6.08736,233.433,1,12,-101,-8,9,39,39,5,28371201,262,1,66,13499,
23.116,132.677,51.4504,7.48845,249.057,5.94561,235.483,1,12,-101,-8,9,39,39,5,28371201,262,1,66,13499,
24.116,137.825,51.4504,7.48839,247.509,4.99392,239.267,1,12,-101,-8,9,39,39,5,28371201,262,1,66,13499,
25.117,145.246,51.4504,7.48828,247.945,3.61733,242.155,1,11,-98,-9,10,42,43,5,28371201,262,1,66,13499,
26.116,147.792,51.4503,7.48829,249.936,1.96452,169.046,1,11,-98,-9,10,42,43,5,28371201,262,1,66,13499,
27.116,150.828,51.4503,7.48828,249.96,1.49018,169.046,1,10,-99,-10,8,41,42,5,28371201,262,1,66,13499,
28.116,154.409,51.4503,7.48824,249.998,1.02407,223.382,1,10,-99,-10,8,41,42,5,28371201,262,1,66,13499,
29.115,154.954,51.4503,7.48823,250.093,1.36616,223.273,1,9,-100,-10,11,40,42,5,28371201,262,1,66,13499,
30.118,155.408,51.4503,7.48823,250.185,3.23668,222.46,1,9,-100,-10,11,40,42,5,28371201,262,1,66,13499,
31.116,155.8,51.4503,7.48823,250.277,4.43282,202.393,1,12,-95,-10,9,45,46,5,28371201,262,1,66,13499,
32.116,160.62,51.4502,7.48822,249.298,5.8409,185.388,1,12,-95,-10,9,45,46,5,28371201,262,1,66,13499,
33.116,167.637,51.4502,7.48823,249.166,7.06823,168.344,1,-1,-95,-10,8,45,46,5,28371201,262,1,66,13499,
34.116,174.143,51.4501,7.48824,248.659,7.6583,167.871,1,-1,-95,-10,8,45,46,5,28371201,262,1,66,13499,
35.116,181.623,51.4501,7.48826,248.271,8.44029,168.13,1,7,-97,-7,2,43,42,5,28371201,262,1,66,13499,
36.116,190.383,51.45,7.48828,247.76,9.18609,167.791,1,7,-97,-7,2,43,42,5,28371201,262,1,66,13499,
37.116,199.712,51.4499,7.4883,247.161,9.96783,168.752,1,1,-98,-11,2,42,45,5,28371201,262,1,66,13499,
38.116,209.31,51.4498,7.48832,246.498,10.5877,169.488,1,1,-98,-11,2,42,45,5,28371201,262,1,66,13499,
39.118,220.659,51.4497,7.48835,246.098,10.8287,170.217,1,8,-98,-12,2,42,46,5,28371201,262,1,66,13499,
40.116,231.96,51.4496,7.48837,245.365,11.4991,171.883,1,8,-98,-12,2,42,46,5,28371201,262,1,66,13499,
41.116,245.229,51.4495,7.48839,245.568,12.1231,174.523,1,1,-98,-11,2,42,45,5,28371201,262,1,66,13499,
42.116,257.849,51.4494,7.48839,246.112,12.2756,176.904,1,1,-98,-11,2,42,45,5,28371201,262,1,66,13499,
43.116,270.836,51.4493,7.48839,247.079,12.9941,178.595,1,7,-99,-10,2,41,41,5,28371201,262,1,66,13499,
44.116,283.653,51.4491,7.48839,247.738,12.9234,180.733,1,7,-99,-10,2,41,41,5,28371201,262,1,66,13499,
45.115,283.653,51.4491,7.48839,247.738,12.9234,180.733,1,7,-99,-10,2,41,41,5,28371201,262,1,66,13499,
46.116,310.276,51.4489,7.48836,248.029,13.5245,185.107,1,4,-99,-9,2,41,41,5,28371201,262,1,66,13499,
47.116,323.973,51.4488,7.48833,248.286,13.2848,188.035,1,4,-99,-9,2,41,41,5,28371201,262,1,66,13499,
48.116,338.284,51.4487,7.48828,247.961,13.4829,190.748,1,6,-100,-10,2,40,41,5,28371201,262,1,66,13499,
49.116,351.968,51.4485,7.48823,247.894,13.9002,191.887,1,6,-100,-10,2,40,41,5,28371201,262,1,66,13499,
50.116,365.894,51.4484,7.48817,247.726,13.7114,193.017,1,-3,-103,-11,2,37,39,5,28371201,262,1,66,13499,
51.116,380.21,51.4483,7.48811,248.476,13.9062,193.593,1,-3,-103,-11,2,37,39,5,28371201,262,1,66,13499,
52.116,394.435,51.4482,7.48806,249.178,13.5665,193.943,1,1,-104,-12,2,36,38,5,28371201,262,1,66,13499,
53.116,409.07,51.448,7.488,250.119,13.542,193.855,1,1,-104,-12,2,36,38,5,28371201,262,1,66,13499,
54.116,422.84,51.4479,7.48795,250.873,13.3079,193.424,1,-4,-109,-12,2,31,34,5,28371201,262,1,66,13499,
55.116,436.623,51.4478,7.4879,251.772,13.5408,192.145,1,-4,-109,-12,2,31,34,5,28371201,262,1,66,13499,
56.117,449.956,51.4477,7.48787,252.786,13.1797,190.724,1,4,-107,-10,2,33,34,5,27771909,262,1,247,13499,
57.116,462.05,51.4476,7.48784,254.118,13.2047,188.869,1,4,-107,-10,2,33,34,5,27771909,262,1,247,13499,
58.116,475.201,51.4475,7.48782,255.04,13.5548,185.999,1,3,-106,-10,2,34,34,5,27771909,262,1,247,13499,
59.116,488.643,51.4473,7.48781,255.89,13.9543,182.816,1,3,-106,-10,2,34,34,5,27771909,262,1,247,13499,
60.116,501.918,51.4472,7.48783,256.634,14.0069,179.064,1,2,-107,-10,2,33,35,5,27771909,262,1,247,13499,
61.116,515.259,51.4471,7.48785,257.092,13.9513,175.989,1,2,-107,-10,2,33,35,5,27771909,262,1,247,13499,
62.116,529.551,51.447,7.48788,257.518,13.8906,173.254,1,5,-106,-10,2,34,35,5,27771909,262,1,247,13499,
63.118,542.929,51.4469,7.48791,258.469,13.6043,171.5,1,5,-106,-10,2,34,35,5,27771909,262,1,247,13499,
64.116,556.494,51.4467,7.48796,259.257,13.7135,168.753,1,5,-106,-9,2,34,34,5,27771909,262,1,247,13499,
65.115,571.249,51.4466,7.48803,259.912,13.5983,165.725,1,5,-106,-9,2,34,34,5,27771909,262,1,247,13499,
66.116,585.672,51.4465,7.48812,260.493,13.9971,161.889,1,5,-106,-9,2,34,34,5,27771909,262,1,247,13499,
67.116,600.442,51.4464,7.48822,261.381,14.2718,158.042,1,0,-107,-9,2,33,33,5,27771909,262,1,247,13499,
68.118,615.277,51.4463,7.48833,262.125,14.0546,154.737,1,0,-107,-9,2,33,33,5,27771909,262,1,247,13499,
69.116,629.946,51.4462,7.48846,262.534,14.1104,151.555,1,10,-104,-9,2,36,36,5,28371201,262,1,66,13499,
70.116,645.097,51.446,7.48859,263.13,14.3441,148.551,1,10,-104,-9,2,36,36,5,28371201,262,1,66,13499,
71.116,659.449,51.446,7.48872,264.081,14.2353,144.887,1,10,-104,-9,2,36,36,5,28371201,262,1,66,13499,
72.117,674.875,51.4458,7.48887,265.128,14.3024,141.527,1,10,-104,-9,2,36,36,5,28371201,262,1,66,13499,
73.118,690.25,51.4458,7.48903,265.922,14.124,138.39,1,4,-102,-8,2,38,37,5,28371201,262,1,66,13499,
74.116,706.225,51.4457,7.4892,266.903,14.3404,135.397,1,4,-102,-8,2,38,37,5,28371201,262,1,66,13499,
75.116,720.505,51.4456,7.48936,267.588,14.5818,133.211,1,7,-104,-9,2,36,35,5,28371201,262,1,66,13499,
76.116,734.839,51.4455,7.48953,268.177,14.7576,131.225,1,7,-104,-9,2,36,35,5,28371201,262,1,66,13499,
77.116,749.688,51.4454,7.48971,268.63,14.8462,129.851,1,7,-105,-8,2,35,34,5,28371201,262,1,66,13499,
78.118,764.886,51.4453,7.48989,268.993,15.0223,128.612,1,7,-105,-8,2,35,34,5,28371201,262,1,66,13499,
79.116,779.743,51.4453,7.49006,269.012,14.9909,127.831,1,9,-104,-9,2,36,35,5,28371201,262,1,66,13499,
80.116,793.484,51.4452,7.49023,269.062,14.3783,127.119,1,9,-104,-9,2,36,35,5,28371201,262,1,66,13499,
81.115,807.387,51.4451,7.4904,269.26,13.7174,126.249,1,8,-105,-9,2,35,36,5,28371201,262,1,66,13499,
82.116,821.078,51.4451,7.49056,269.487,13.336,127.066,1,8,-105,-9,2,35,36,5,28371201,262,1,66,13499,
83.116,833.638,51.445,7.49071,269.868,11.3963,127.857,1,7,-106,-9,2,34,35,5,28371201,262,1,66,13499,
84.116,845.163,51.4449,7.49085,270.085,10.6571,127.535,1,7,-106,-9,2,34,35,5,28371201,262,1,66,13499,
85.116,855.335,51.4449,7.49097,269.963,9.03677,126.944,1,4,-108,-10,2,32,34,5,28371201,262,1,66,13499,
86.116,863.121,51.4448,7.49106,269.846,6.98949,126.493,1,4,-108,-10,2,32,34,5,28371201,262,1,66,13499,
87.116,869.015,51.4448,7.49113,269.971,5.03321,126.234,1,4,-108,-10,2,32,34,5,28371201,262,1,66,13499,
88.117,872.402,51.4448,7.49117,269.989,3.02129,127.21,1,4,-108,-9,2,32,32,5,28371201,262,1,66,13499,
89.116,874.485,51.4448,7.4912,270.032,1.30527,125.697,1,4,-108,-9,2,32,32,5,28371201,262,1,66,13499,
90.116,875.364,51.4448,7.49121,270.077,0.597673,125.697,1,5,-108,-8,2,32,31,5,28371201,262,1,66,13499,
91.116,875.364,51.4448,7.49121,270.082,0,125.697,1,5,-108,-8,2,32,31,5,28371201,262,1,66,13499,
92.116,875.364,51.4448,7.49121,270.088,0,125.697,1,1,-109,-9,2,31,31,5,28371201,262,1,66,13499,
93.117,875.364,51.4448,7.49121,270.095,0,125.697,1,1,-109,-9,2,31,31,5,28371201,262,1,66,13499,
94.116,875.364,51.4448,7.49121,270.104,0,125.697,1,4,-112,-10,2,28,29,5,28371201,262,1,66,13499,
95.116,875.364,51.4448,7.49121,270.114,0,125.697,1,4,-112,-10,2,28,29,5,28371201,262,1,66,13499,
96.116,875.364,51.4448,7.49121,270.126,0,125.697,1,4,-113,-10,2,27,28,5,28371201,262,1,66,13499,
97.116,875.364,51.4448,7.49121,270.14,0,125.697,1,4,-113,-10,2,27,28,5,28371201,262,1,66,13499,
98.118,875.364,51.4448,7.49121,270.155,0,125.697,1,4,-113,-10,2,27,29,5,28371201,262,1,66,13499,
99.116,875.364,51.4448,7.49121,270.169,0,125.697,1,4,-113,-10,2,27,29,5,28371201,262,1,66,13499,
100.116,875.364,51.4448,7.49121,270.181,0,125.697,1,3,-113,-10,2,27,28,5,28371201,262,1,66,13499,
101.116,875.364,51.4448,7.49121,270.194,0,125.697,1,3,-113,-10,2,27,28,5,28371201,262,1,66,13499,
102.116,875.364,51.4448,7.49121,270.206,0,125.697,1,4,-113,-11,2,27,29,5,28371201,262,1,66,13499,
103.116,875.364,51.4448,7.49121,270.22,0,125.697,1,4,-113,-11,2,27,29,5,28371201,262,1,66,13499,
104.115,875.364,51.4448,7.49121,270.358,0,125.697,1,3,-113,-12,2,27,30,5,28371201,262,1,66,13499,
105.116,875.364,51.4448,7.49121,270.495,0,127.147,1,3,-113,-12,2,27,30,5,28371201,262,1,66,13499,
106.116,882.23,51.4448,7.49129,271.539,0,126.892,1,3,-112,-10,2,28,30,5,27771907,262,1,246,13499,
107.116,887.643,51.4447,7.49135,272.478,5.88713,126.859,1,3,-112,-10,2,28,30,5,27771907,262,1,246,13499,
108.116,893.283,51.4447,7.49142,273.368,6.13827,126.953,1,3,-112,-10,2,28,30,5,27771907,262,1,246,13499,
109.116,899.535,51.4447,7.49149,273.984,5.95497,126.93,1,2,-112,-9,2,28,29,5,27771907,262,1,246,13499,
110.116,905.083,51.4446,7.49156,274.294,5.81832,127.878,1,2,-112,-9,2,28,29,5,27771907,262,1,246,13499,
111.116,911.295,51.4446,7.49163,274.256,5.67854,127.034,1,5,-112,-9,2,28,29,5,27771907,262,1,246,13499,
112.117,916.491,51.4446,7.49168,273.943,5.34883,140.847,1,5,-112,-9,2,28,29,5,27771907,262,1,246,13499,
113.116,922.431,51.4445,7.49171,272.95,5.07111,162.297,1,6,-112,-9,2,28,30,5,27771907,262,1,246,13499,
114.116,927.353,51.4445,7.4917,272.355,5.60208,189.731,1,6,-112,-9,2,28,30,5,27771907,262,1,246,13499,
115.116,933.537,51.4444,7.49167,272.08,6.30019,209.673,1,9,-107,-9,2,33,33,5,27771907,262,1,246,13499,
116.116,941.544,51.4444,7.49161,271.95,7.37482,211.72,1,9,-107,-9,2,33,33,5,27771907,262,1,246,13499,
117.118,949.341,51.4443,7.49154,271.55,8.49308,213.575,1,11,-98,-7,2,42,41,5,27771907,262,1,246,13499,
118.116,958.046,51.4442,7.49147,271.424,9.43691,214.261,1,11,-98,-7,2,42,41,5,27771907,262,1,246,13499,
119.116,968.393,51.4442,7.49138,271.53,10.2133,215.229,1,15,-96,-6,2,44,43,5,27771907,262,1,246,13499,
120.116,978.604,51.4441,7.4913,271.939,10.7096,215.718,1,15,-96,-6,2,44,43,5,27771907,262,1,246,13499,
121.116,990.129,51.444,7.49121,272.619,11.7116,215.313,1,16,-93,-6,2,47,45,5,27771907,262,1,246,13499,
122.117,1002.25,51.4439,7.49111,273.268,12.2439,215.409,1,16,-93,-6,2,47,45,5,27771907,262,1,246,13499,
123.116,1014.67,51.4438,7.491,273.204,12.9685,215.086,1,21,-90,-6,2,50,48,5,27771907,262,1,246,13499,
124.116,1027.74,51.4437,7.49089,273.155,13.5923,215.848,1,21,-90,-6,2,50,48,5,27771907,262,1,246,13499,
125.117,1041.42,51.4436,7.49078,273.397,14.1776,216.538,1,13,-80,-5,2,60,58,5,27771907,262,1,246,13499,
126.116,1055.43,51.4435,7.49066,273.354,14.7075,216.649,1,13,-80,-5,2,60,58,5,27771907,262,1,246,13499,
127.117,1069.75,51.4434,7.49053,272.969,15.2293,216.688,1,27,-73,-5,2,67,63,5,27771907,262,1,246,13499,
128.116,1085.37,51.4433,7.4904,272.907,15.6427,216.577,1,27,-73,-5,2,67,63,5,27771907,262,1,246,13499,
129.115,1101.39,51.4432,7.49026,273.082,15.9436,216.827,1,27,-73,-5,2,67,63,5,27771907,262,1,246,13499,
130.116,1117.68,51.4431,7.49012,273.398,16.1927,216.877,1,23,-72,-5,2,68,63,5,27771907,262,1,246,13499,
131.116,1133.99,51.443,7.48998,273.775,16.4731,216.708,1,23,-72,-5,2,68,63,5,27771907,262,1,246,13499,
132.116,1150.03,51.4428,7.48984,274.45,16.4356,216.055,1,21,-80,-5,2,60,57,5,27771907,262,1,246,13499,
133.116,1165.87,51.4427,7.48971,275.242,15.9491,216.533,1,21,-80,-5,2,60,57,5,27771907,262,1,246,13499,
134.116,1182.95,51.4426,7.48956,276.357,15.8931,216.862,1,26,-85,-6,2,55,53,5,27771907,262,1,246,13499,
135.116,1197.8,51.4425,7.48943,277.52,16.3564,216,1,26,-85,-6,2,55,53,5,27771907,262,1,246,13499,
136.118,1212.87,51.4424,7.4893,278.08,16.3512,216.344,1,9,-82,-6,2,58,56,5,27771907,262,1,246,13499,
137.116,1229.72,51.4423,7.48916,278.439,16.214,217.041,1,9,-82,-6,2,58,56,5,27771907,262,1,246,13499,
138.116,1246.42,51.4421,7.48901,278.213,16.1816,217.679,1,30,-74,-5,2,66,63,5,27771907,262,1,246,13499,
139.116,1262.41,51.442,7.48887,277.736,15.6073,219.012,1,30,-74,-5,2,66,63,5,27771907,262,1,246,13499,
140.116,1279.07,51.4419,7.48871,277.504,15.8352,220.342,1,31,-70,-5,2,70,63,5,27771907,262,1,246,13499,
141.118,1294,51.4418,7.48856,277.609,16.0585,222.281,1,31,-70,-5,2,70,63,5,27771907,262,1,246,13499,
142.116,1310.48,51.4417,7.48839,277.731,16.0416,223.731,1,30,-70,-5,2,70,63,5,27771907,262,1,246,13499,
143.116,1327.12,51.4416,7.48821,277.447,15.839,226.26,1,30,-70,-5,2,70,63,5,27771907,262,1,246,13499,
144.116,1342.43,51.4415,7.48803,276.574,15.6756,228.218,1,29,-67,-5,2,73,63,5,27771907,262,1,246,13499,
145.116,1357.37,51.4415,7.48786,275.797,15.6077,229.656,1,29,-67,-5,2,73,63,5,27771907,262,1,246,13499,
146.117,1372.84,51.4414,7.48769,275.267,15.5715,230.796,1,28,-68,-6,2,72,63,5,27771907,262,1,246,13499,
147.116,1388.62,51.4413,7.48751,274.921,15.7331,231.383,1,28,-68,-6,2,72,63,5,27771907,262,1,246,13499,
148.115,1404.56,51.4412,7.48732,274.759,15.7285,231.909,1,23,-73,-6,2,67,63,5,27771907,262,1,246,13499,
149.116,1419.79,51.4411,7.48715,274.67,15.5044,232.295,1,23,-73,-6,2,67,63,5,27771907,262,1,246,13499,
150.116,1436.84,51.441,7.48695,274.845,15.3,232.984,1,23,-73,-6,2,67,63,5,27771907,262,1,246,13499,
151.118,1452.66,51.4409,7.48676,274.596,15.2427,233.317,1,13,-76,-6,2,64,60,5,27771907,262,1,246,13499,
152.115,1469.46,51.4408,7.48656,274.052,15.3558,233.81,1,13,-76,-6,2,64,60,5,27771907,262,1,246,13499,
153.116,1482.67,51.4408,7.48641,273.857,15.6227,234.093,1,5,-87,-11,7,53,56,2,27771907,262,1,246,13499,
154.116,1497.72,51.4407,7.48624,273.676,15.7346,233.649,1,5,-87,-11,7,53,56,2,27771907,262,1,246,13499,
155.116,1512.26,51.4406,7.48607,274.294,15.4873,233.284,1,13,-84,-10,12,56,58,2,27771907,262,1,246,13499,
156.116,1528.32,51.4405,7.48588,274.41,15.8984,232.475,1,13,-84,-10,12,56,58,2,27771907,262,1,246,13499,
157.116,1544.22,51.4404,7.4857,274.725,16.2351,232.507,1,19,-81,-6,15,59,56,1,27771908,262,1,248,13499,
158.117,1559.5,51.4404,7.48553,274.416,16.3741,232.585,1,19,-81,-6,15,59,56,1,27771908,262,1,248,13499,
159.117,1576.05,51.4403,7.48533,274.485,16.4687,232.702,1,29,-77,-5,14,63,60,1,27771908,262,1,248,13499,
160.115,1592.95,51.4402,7.48514,274.437,16.7277,232.608,1,29,-77,-5,14,63,60,1,27771908,262,1,248,13499,
161.116,1609.85,51.4401,7.48494,274.192,16.8002,232.673,1,29,-75,-5,15,65,62,1,27771908,262,1,248,13499,
162.116,1626.97,51.44,7.48474,274.227,17.4453,232.319,1,29,-75,-5,15,65,62,1,27771908,262,1,248,13499,
163.116,1645.2,51.4399,7.48453,274.342,17.4963,232.089,1,26,-72,-6,15,68,63,1,27771908,262,1,248,13499,
164.116,1662.58,51.4398,7.48433,274.678,17.8976,232.483,1,26,-72,-6,15,68,63,1,27771908,262,1,248,13499,
165.116,1680.69,51.4397,7.48412,275.262,17.9022,233.774,1,32,-66,-6,14,74,63,1,27771908,262,1,248,13499,
166.116,1698.07,51.4396,7.48391,275.714,17.7893,234.185,1,32,-66,-6,14,74,63,1,27771908,262,1,248,13499,
167.116,1714.88,51.4395,7.48372,276.447,17.4009,235.43,1,30,-72,-5,14,68,63,1,27771908,262,1,248,13499,
168.116,1732.07,51.4395,7.48351,277.122,17.1641,236.79,1,30,-72,-5,14,68,63,1,27771908,262,1,248,13499,
169.116,1749.56,51.4394,7.48329,277.203,16.9452,238.61,1,40,-75,-5,14,65,60,1,27771908,262,1,248,13499,
170.116,1765.92,51.4393,7.48309,277.197,16.9571,239.602,1,40,-75,-5,14,65,60,1,27771908,262,1,248,13499,
171.116,1782.32,51.4392,7.48288,277.222,16.6973,239.968,1,40,-75,-5,14,65,60,1,27771908,262,1,248,13499,
172.116,1798.03,51.4391,7.48269,277.769,16.5477,240.6,1,27,-82,-6,14,58,54,1,27771908,262,1,248,13499,
173.115,1814.4,51.4391,7.48248,278.335,16.4076,239.985,1,27,-82,-6,14,58,54,1,27771908,262,1,248,13499,
174.116,1832.31,51.439,7.48226,278.639,17.3487,240.861,1,28,-87,-5,14,53,47,1,27771908,262,1,248,13499,
175.116,1849.63,51.4389,7.48204,279.059,17.4123,240.446,1,28,-87,-5,14,53,47,1,27771908,262,1,248,13499,
176.116,1866.48,51.4388,7.48183,279.748,17.3954,240.055,1,25,-91,-5,14,49,45,1,27771908,262,1,248,13499,
177.116,1884.59,51.4388,7.4816,279.875,17.9434,239.855,1,25,-91,-5,14,49,45,1,27771908,262,1,248,13499,
178.116,1902.31,51.4387,7.48137,280.01,17.7507,240.503,1,21,-96,-5,12,44,41,1,27771908,262,1,248,13499,
179.115,1919.47,51.4386,7.48116,279.927,17.3394,241.189,1,21,-96,-5,12,44,41,1,27771908,262,1,248,13499,
180.115,1936.43,51.4385,7.48095,280.063,17.4341,240.727,1,14,-98,-5,12,42,39,1,27771908,262,1,248,13499,
181.116,1954.12,51.4385,7.48072,280.028,17.7482,241.543,1,14,-98,-5,12,42,39,1,27771908,262,1,248,13499,
182.116,1971.51,51.4384,7.4805,280.249,17.7363,241.62,1,16,-100,-5,2,40,36,1,27771908,262,1,248,13499,
183.116,1989.26,51.4383,7.48028,280.488,18.0561,241.829,1,16,-100,-5,2,40,36,1,27771908,262,1,248,13499,
184.118,2006.89,51.4382,7.48005,280.746,18.1582,242.791,1,15,-103,-6,2,37,34,1,27771908,262,1,248,13499,
185.116,2026.72,51.4382,7.47979,280.694,17.7131,242.198,1,15,-103,-6,2,37,34,1,27771908,262,1,248,13499,
186.115,2044,51.4381,7.47958,280.756,18.2242,241.27,1,11,-103,-6,2,37,34,1,27771908,262,1,248,13499,
187.116,2061.24,51.438,7.47936,280.881,17.5925,241.776,1,11,-103,-6,2,37,34,1,27771908,262,1,248,13499,
188.116,2078.57,51.4379,7.47914,281.142,17.614,242.333,1,9,-105,-7,2,35,33,1,27771908,262,1,248,13499,
189.117,2096.94,51.4379,7.47891,280.787,16.4538,242.74,1,9,-105,-7,2,35,33,1,27771908,262,1,248,13499,
190.116,2115.11,51.4378,7.47868,280.618,16.7804,242.077,1,8,-106,-7,2,34,32,1,27771908,262,1,248,13499,
191.116,2131.38,51.4377,7.47847,280.748,17.032,242.273,1,8,-106,-7,2,34,32,1,27771908,262,1,248,13499,
192.116,2146.32,51.4376,7.47828,281.175,16.4614,241.618,1,8,-106,-7,2,34,32,1,27771908,262,1,248,13499,
193.116,2161.76,51.4376,7.47808,281.454,16.0496,242.575,1,6,-106,-8,2,34,33,1,27771908,262,1,248,13499,
194.117,2177.57,51.4375,7.47788,281.607,15.1927,242.937,1,6,-106,-8,2,34,33,1,27771908,262,1,248,13499,
195.116,2193.81,51.4374,7.47768,281.767,14.533,243.322,1,4,-107,-9,2,33,33,1,27771908,262,1,248,13499,
196.116,2208.99,51.4374,7.47748,282.313,14.6569,243.452,1,4,-107,-9,2,33,33,1,27771908,262,1,248,13499,
197.116,2223.23,51.4373,7.4773,282.819,14.0523,243.965,1,3,-109,-10,2,31,32,1,27771908,262,1,248,13499,
198.115,2235.57,51.4373,7.47714,283.286,12.4672,244.492,1,3,-109,-10,2,31,32,1,27771908,262,1,248,13499,
199.117,2247.97,51.4372,7.47697,283.989,12.1127,246.344,1,8,-110,-10,2,30,31,1,27771908,262,1,248,13499,
200.116,2260.6,51.4372,7.47679,284.496,11.3629,259.183,1,8,-110,-10,2,30,31,1,27771908,262,1,248,13499,
201.116,2272.41,51.4372,7.47663,284.891,11.3877,259.897,1,14,-110,-10,2,30,31,1,27771908,262,1,248,13499,
202.116,2284.76,51.4372,7.47645,284.657,10.1844,263.478,1,14,-110,-10,2,30,31,1,27771908,262,1,248,13499,
203.116,2293.64,51.4372,7.47633,284.324,8.43489,292.136,1,19,-106,-8,2,34,33,1,27771908,262,1,248,13499,
204.116,2303.12,51.4373,7.47624,284.106,8.07658,319.726,1,19,-106,-8,2,34,33,1,27771908,262,1,248,13499,
205.116,2311.78,51.4373,7.47619,284.171,8.99539,345.494,1,19,-103,-7,2,37,35,1,27771908,262,1,248,13499,
206.116,2321.13,51.4374,7.47618,284.155,8.66829,4.5159,1,19,-103,-7,2,37,35,1,27771908,262,1,248,13499,
207.116,2329.03,51.4375,7.47622,284.534,8.6812,30.2637,1,26,-99,-6,2,41,39,1,27771908,262,1,248,13499,
208.116,2339.46,51.4376,7.47633,284.52,9.84852,48.9484,1,26,-99,-6,2,41,39,1,27771908,262,1,248,13499,
209.118,2350,51.4376,7.47644,284.625,10.9709,49.9652,1,30,-91,-6,2,49,47,1,27771908,262,1,248,13499,
210.116,2362.59,51.4377,7.47658,284.944,12.0164,50.801,1,30,-91,-6,2,49,47,1,27771908,262,1,248,13499,
211.116,2375.3,51.4378,7.47672,285.19,12.9424,51.5735,1,27,-85,-5,2,55,52,1,27771908,262,1,248,13499,
212.115,2389.49,51.4378,7.47688,285.638,13.8217,52.4603,1,27,-85,-5,2,55,52,1,27771908,262,1,248,13499,
213.116,2404.3,51.4379,7.47705,286.112,14.9186,53.3481,1,27,-85,-5,2,55,52,1,27771908,262,1,248,13499,
214.118,2419.89,51.438,7.47723,286.603,15.9267,53.8841,1,27,-79,-5,2,61,58,1,27771908,262,1,248,13499,
215.115,2437.09,51.4381,7.47744,287.173,16.8658,54.715,1,27,-79,-5,2,61,58,1,27771908,262,1,248,13499,
216.116,2454.06,51.4382,7.47764,287.356,17.5574,55.607,1,26,-78,-5,2,62,58,1,27771908,262,1,248,13499,
217.116,2472.17,51.4383,7.47786,287.206,18.2255,56.7744,1,26,-78,-5,2,62,58,1,27771908,262,1,248,13499,
218.116,2491.41,51.4384,7.47809,287.332,18.6432,57.4769,1,29,-78,-5,2,62,58,1,27771908,262,1,248,13499,
219.118,2510.75,51.4385,7.47833,287.532,19.6961,58.1354,1,29,-78,-5,2,62,58,1,27771908,262,1,248,13499,
220.116,2530.59,51.4385,7.47857,287.38,19.8382,58.6663,1,27,-79,-5,2,61,57,1,27771908,262,1,248,13499,
221.116,2550.64,51.4386,7.47882,287.528,20.8945,58.1859,1,27,-79,-5,2,61,57,1,27771908,262,1,248,13499,
222.116,2571.82,51.4387,7.47907,287.354,21.4959,56.8947,1,27,-82,-6,2,58,55,1,27771908,262,1,248,13499,
223.116,2593.65,51.4389,7.47934,286.923,22.0086,57.5482,1,27,-82,-6,2,58,55,1,27771908,262,1,248,13499,
224.116,2615.71,51.439,7.47961,286.381,22.1324,57.2642,1,26,-83,-6,2,57,53,1,27771908,262,1,248,13499,
225.116,2638.61,51.4391,7.47988,285.81,22.3727,56.9606,1,26,-83,-6,2,57,53,1,27771908,262,1,248,13499,
226.116,2661.1,51.4392,7.48014,285.15,22.5825,54.4163,1,26,-84,-6,2,56,52,1,27771908,262,1,248,13499,
227.116,2684.51,51.4393,7.48042,284.67,22.4248,54.6421,1,26,-84,-6,2,56,52,1,27771908,262,1,248,13499,
228.115,2706.01,51.4394,7.48067,284.051,21.795,55.2759,1,23,-87,-6,2,53,51,1,27771908,262,1,248,13499,
229.116,2727.08,51.4395,7.48092,283.181,21.876,54.2682,1,23,-87,-6,2,53,51,1,27771908,262,1,248,13499,
230.116,2749.54,51.4397,7.48118,282.563,21.9614,52.5736,1,23,-87,-6,2,53,50,1,27771908,262,1,248,13499,
231.116,2771.04,51.4398,7.48142,281.946,21.6339,53.1613,1,23,-87,-6,2,53,50,1,27771908,262,1,248,13499,
232.116,2792.42,51.4399,7.48166,281.263,21.612,50.4174,1,24,-88,-6,2,52,49,1,27771908,262,1,248,13499,
233.116,2813.16,51.44,7.48188,280.447,21.5299,48.5263,1,24,-88,-6,2,52,49,1,27771908,262,1,248,13499,
234.118,2834.73,51.4402,7.48211,279.595,21.7594,47.6442,1,24,-88,-6,2,52,49,1,27771908,262,1,248,13499,
235.115,2857.07,51.4403,7.48233,278.893,22.0935,43.8101,1,21,-88,-6,2,52,49,1,27771908,262,1,248,13499,
236.115,2879.48,51.4405,7.48255,278.403,22.4319,41.5672,1,21,-88,-6,2,52,49,1,27771908,262,1,248,13499,
237.116,2901.78,51.4406,7.48276,277.859,22.7053,40.7134,1,25,-87,-6,2,53,50,1,27771908,262,1,248,13499,
238.116,2924.78,51.4408,7.48298,277.639,22.7844,40.483,1,25,-87,-6,2,53,50,1,27771908,262,1,248,13499,
239.117,2946.67,51.4409,7.48318,276.931,22.7264,39.8673,1,21,-85,-6,14,55,52,4,27771908,262,1,248,13499,
240.116,2969.57,51.4411,7.48338,276.187,22.9696,38.8611,1,21,-85,-6,14,55,52,4,27771908,262,1,248,13499,
241.116,2992.27,51.4412,7.48357,275.327,23.7599,36.182,1,21,-84,-5,12,56,52,4,27771908,262,1,248,13499,
242.116,3015.85,51.4414,7.48376,274.68,23.5387,34.3262,1,21,-84,-5,12,56,52,4,27771908,262,1,248,13499,
243.116,3039.9,51.4416,7.48394,274.253,23.2585,31.0778,1,14,-86,-6,11,54,51,4,27771908,262,1,248,13499,
244.118,3063.69,51.4418,7.48411,274.188,22.7473,30.0448,1,14,-86,-6,11,54,51,4,27771908,262,1,248,13499,
245.116,3086.7,51.442,7.48427,274.244,22.4641,29.1974,1,12,-90,-8,11,50,50,4,27771908,262,1,248,13499,
246.116,3109.8,51.4422,7.48442,274.244,22.1509,27.6579,1,12,-90,-8,11,50,50,4,27771908,262,1,248,13499,
247.115,3132.49,51.4423,7.48457,274.346,21.9447,26.8151,1,11,-83,-7,6,57,52,1,27771909,262,1,247,13499,
248.116,3155.31,51.4425,7.48471,274.224,21.8684,25.7194,1,11,-83,-7,6,57,52,1,27771909,262,1,247,13499,
249.118,3177.42,51.4427,7.48485,274.073,21.6319,25.191,1,20,-82,-7,15,58,53,1,27771909,262,1,247,13499,
250.116,3198.97,51.4429,7.48497,273.983,21.4848,24.3651,1,20,-82,-7,15,58,53,1,27771909,262,1,247,13499,
251.116,3220.28,51.4431,7.4851,273.998,21.2229,23.8811,1,26,-76,-6,14,64,60,1,27771909,262,1,247,13499,
252.116,3241.26,51.4432,7.48522,273.948,20.9654,23.6806,1,26,-76,-6,14,64,60,1,27771909,262,1,247,13499,
253.116,3261.88,51.4434,7.48534,273.89,20.743,23.9939,1,26,-76,-5,14,64,58,1,27771909,262,1,247,13499,
254.116,3282.77,51.4436,7.48546,273.783,20.4212,23.7735,1,26,-76,-5,14,64,58,1,27771909,262,1,247,13499,
255.116,3302.3,51.4437,7.48557,273.582,19.8376,22.996,1,26,-76,-5,14,64,58,1,27771909,262,1,247,13499,
256.116,3321.52,51.4439,7.48568,273.619,19.4778,21.3499,1,31,-76,-5,15,64,59,1,27771909,262,1,247,13499,
257.116,3339.39,51.444,7.48578,273.428,17.6622,21.2475,1,31,-76,-5,15,64,59,1,27771909,262,1,247,13499,
258.117,3356.57,51.4442,7.48587,272.816,15.7975,21.2469,1,32,-66,-4,15,74,63,1,27771909,262,1,247,13499,
259.117,3370.3,51.4443,7.48594,271.877,13.7042,22.2071,1,32,-66,-4,15,74,63,1,27771909,262,1,247,13499,
260.116,3382.45,51.4444,7.48601,270.937,12.2362,24.4304,1,31,-65,-4,14,75,63,1,27771909,262,1,247,13499,
261.116,3393.22,51.4445,7.48609,269.765,11.3785,28.0158,1,31,-65,-4,14,75,63,1,27771909,262,1,247,13499,
262.116,3403.94,51.4446,7.4862,268.827,11.2356,42.6648,1,30,-73,-6,2,67,60,1,27771909,262,1,247,13499,
263.115,3414.78,51.4446,7.48631,267.946,11.5965,45.6599,1,30,-73,-6,2,67,60,1,27771909,262,1,247,13499,
264.118,3427.03,51.4447,7.48646,267.297,11.5932,61.0331,1,25,-73,-5,2,67,63,1,27771909,262,1,247,13499,
265.116,3438.91,51.4447,7.48662,266.908,11.7263,75.4029,1,25,-73,-5,2,67,63,1,27771909,262,1,247,13499,
266.116,3450.55,51.4447,7.48679,266.463,11.7146,88.5175,1,24,-74,-5,2,66,62,1,27771909,262,1,247,13499,
267.116,3462.38,51.4447,7.48696,266.004,11.9648,102.563,1,24,-74,-5,2,66,62,1,27771909,262,1,247,13499,
268.116,3473.97,51.4447,7.48712,265.49,11.7507,106.503,1,21,-79,-6,2,61,58,1,27771909,262,1,247,13499,
269.117,3485.92,51.4446,7.48725,265.218,11.7731,129.455,1,21,-79,-6,2,61,58,1,27771909,262,1,247,13499,
270.116,3497.98,51.4445,7.48736,264.69,11.9258,142.283,1,21,-82,-6,2,58,55,1,27771909,262,1,247,13499,
271.116,3510.27,51.4444,7.48745,264.034,12.0153,155.698,1,21,-82,-6,2,58,55,1,27771909,262,1,247,13499,
272.116,3522.23,51.4443,7.48751,263.322,12.036,159.775,1,23,-78,-6,2,62,57,1,27771909,262,1,247,13499,
273.116,3534.48,51.4442,7.48751,262.758,12.1895,181.455,1,23,-78,-6,2,62,57,1,27771909,262,1,247,13499,
274.116,3547.18,51.4441,7.48747,262.669,12.7628,194.999,1,22,-68,-6,2,72,63,1,27771909,262,1,247,13499,
275.116,3560.5,51.444,7.48739,263.01,13.1698,207.665,1,22,-68,-6,2,72,63,1,27771909,262,1,247,13499,
276.116,3573.37,51.4439,7.48729,263.248,13.3987,210.737,1,22,-68,-6,2,72,63,1,27771909,262,1,247,13499,
277.116,3586.02,51.4438,7.48714,263.636,12.9661,238.794,1,22,-68,-5,2,72,63,1,27771909,262,1,247,13499,
278.116,3598.17,51.4438,7.48698,263.6,13.2378,252.736,1,22,-68,-5,2,72,63,1,27771909,262,1,247,13499,
279.116,3610.95,51.4438,7.4868,263.856,13.2216,256.533,1,23,-70,-5,2,70,63,1,27771909,262,1,247,13499,
280.116,3625.44,51.4437,7.4866,264.493,14.1664,260.459,1,23,-70,-5,2,70,63,1,27771909,262,1,247,13499,
281.116,3639.84,51.4437,7.48639,264.925,14.9631,263.499,1,21,-78,-6,2,62,59,1,27771909,262,1,247,13499,
282.116,3655.33,51.4437,7.48617,265.299,15.7299,265.575,1,21,-78,-6,2,62,59,1,27771909,262,1,247,13499,
283.116,3671.64,51.4437,7.48593,265.241,16.467,266.836,1,25,-82,-6,2,58,55,1,27771909,262,1,247,13499,
284.116,3688.93,51.4437,7.48568,265.396,17.3341,267.615,1,25,-82,-6,2,58,55,1,27771909,262,1,247,13499,
285.116,3708.32,51.4437,7.4854,264.858,18.2153,268.249,1,27,-82,-6,2,58,55,1,27771909,262,1,247,13499,
286.116,3725.29,51.4437,7.48516,264.919,18.3258,267.814,1,27,-82,-6,2,58,55,1,27771909,262,1,247,13499,
287.116,3743.32,51.4437,7.4849,264.93,19.6034,265.4,1,26,-83,-5,2,57,54,1,27771909,262,1,247,13499,
288.116,3763.59,51.4437,7.4846,263.802,20.3157,266.24,1,26,-83,-5,2,57,54,1,27771909,262,1,247,13499,
289.116,3784.23,51.4437,7.48431,262.624,20.9557,267.039,1,29,-83,-6,2,57,54,1,27771909,262,1,247,13499,
290.116,3804.67,51.4437,7.48401,261.565,21.5228,268.784,1,29,-83,-6,2,57,54,1,27771909,262,1,247,13499,
291.116,3826.92,51.4437,7.48369,260.768,22.0924,267.956,1,31,-80,-6,2,60,57,1,27771909,262,1,247,13499,
292.116,3849.2,51.4437,7.48337,260.129,22.8159,267.702,1,31,-80,-6,2,60,57,1,27771909,262,1,247,13499,
293.116,3872.03,51.4437,7.48304,259.836,22.8148,267.535,1,31,-74,-6,2,66,63,1,27771909,262,1,247,13499,
294.116,3895.17,51.4437,7.48271,259.916,22.663,267.51,1,31,-74,-6,2,66,63,1,27771909,262,1,247,13499,
295.116,3917.86,51.4437,7.48238,259.79,22.7626,267.256,1,29,-69,-5,2,71,63,1,27771909,262,1,247,13499,
296.116,3940.71,51.4436,7.48205,259.568,23.006,267.097,1,29,-69,-5,2,71,63,1,27771909,262,1,247,13499,
297.116,3963.93,51.4436,7.48171,259.134,23.3067,266.659,1,29,-69,-5,2,71,63,1,27771909,262,1,247,13499,
298.115,3988.25,51.4436,7.48136,259.497,23.5442,266.051,1,22,-76,-5,2,64,60,1,27771909,262,1,247,13499,
299.116,4010.52,51.4436,7.48104,258.977,23.8797,265.598,1,22,-76,-5,2,64,60,1,27771909,262,1,247,13499,
300.116,4034.56,51.4436,7.4807,258.188,24.2186,265.36,1,14,-81,-5,2,59,55,1,27771909,262,1,247,13499,
301.116,4058.6,51.4436,7.48035,257.54,24.5455,265.032,1,14,-81,-5,2,59,55,1,27771909,262,1,247,13499,
302.116,4083.1,51.4435,7.48,257.128,25.0655,263.371,1,18,-87,-5,2,53,49,1,27771909,262,1,247,13499,
303.116,4108.39,51.4435,7.47964,256.853,25.5774,262.681,1,18,-87,-5,2,53,49,1,27771909,262,1,247,13499,
304.116,4134.31,51.4435,7.47926,256.762,25.8184,262.486,1,13,-89,-5,2,51,48,1,27771909,262,1,247,13499,
305.116,4160.41,51.4435,7.47889,256.654,26.4269,262.166,1,13,-89,-5,2,51,48,1,27771909,262,1,247,13499,
306.115,4186.13,51.4434,7.47852,256.484,26.8711,262.41,1,17,-90,-6,2,50,47,1,27771909,262,1,247,13499,
307.116,4213.5,51.4434,7.47813,256.356,27.2967,262.574,1,17,-90,-6,2,50,47,1,27771909,262,1,247,13499,
308.116,4241.41,51.4434,7.47773,256.15,27.7866,262.53,1,14,-88,-6,2,52,48,1,27771909,262,1,247,13499,
309.118,4269.79,51.4433,7.47733,255.956,28.2891,262.329,1,14,-88,-6,2,52,48,1,27771909,262,1,247,13499,
310.116,4298.32,51.4433,7.47692,255.799,28.699,261.876,1,7,-87,-6,2,53,50,1,27771909,262,1,247,13499,
311.116,4327.26,51.4433,7.4765,255.414,29.2082,261.474,1,7,-87,-6,2,53,50,1,27771909,262,1,247,13499,
312.115,4356.43,51.4432,7.47609,254.898,29.6281,261.237,1,15,-91,-8,2,49,48,1,27771909,262,1,247,13499,
313.116,4386.18,51.4432,7.47566,254.345,30.2742,260.743,1,15,-91,-8,2,49,48,1,27771909,262,1,247,13499,
314.118,4415.14,51.4431,7.47525,253.794,30.4806,260.219,1,14,-91,-8,2,49,47,1,27771909,262,1,247,13499,
315.116,4445.94,51.4431,7.47481,252.854,30.8981,259.302,1,14,-91,-8,2,49,47,1,27771909,262,1,247,13499,
316.116,4478.1,51.443,7.47436,252.214,31.5879,258.699,1,1,-92,-8,2,48,47,1,27771909,262,1,247,13499,
317.116,4510.22,51.443,7.4739,251.45,32.0133,258.866,1,1,-92,-8,2,48,47,1,27771909,262,1,247,13499,
318.116,4542.36,51.4429,7.47345,250.754,32.1313,259.329,1,1,-92,-8,2,48,47,1,27771909,262,1,247,13499,
319.117,4573.65,51.4429,7.473,250.052,31.8925,259.301,1,-6,-100,-10,2,40,40,1,27771909,262,1,247,13499,
320.115,4605.5,51.4428,7.47255,249.276,31.8798,259.188,1,-6,-100,-10,2,40,40,1,27771909,262,1,247,13499,
321.115,4637.33,51.4428,7.4721,248.397,31.913,258.969,1,-8,-107,-10,2,33,34,1,31281409,262,1,232,13499,
322.116,4669,51.4427,7.47165,247.495,31.878,258.816,1,-8,-107,-10,2,33,34,1,31281409,262,1,232,13499,
323.116,4700.27,51.4426,7.47121,246.813,31.6347,258.887,1,-1,-112,-11,2,28,30,1,27771909,262,1,247,13499,
324.118,4731.91,51.4426,7.47076,246.04,31.5456,258.494,1,-1,-112,-11,2,28,30,1,27771909,262,1,247,13499,
325.116,4762.88,51.4425,7.47032,245.315,31.417,258.217,1,-6,-114,-12,2,26,30,1,27771909,262,1,247,13499,
326.116,4793.76,51.4425,7.46989,244.692,31.4649,257.992,1,-6,-114,-12,2,26,30,1,27771909,262,1,247,13499,
327.116,4826.27,51.4424,7.46943,243.902,31.766,258.008,1,-4,-111,-10,2,29,31,1,31281409,262,1,232,13499,
328.116,4859.4,51.4423,7.46896,243.145,32.196,258.607,1,-4,-111,-10,2,29,31,1,31281409,262,1,232,13499,
329.116,4892.82,51.4423,7.46849,242.23,32.4676,258.595,1,-2,-110,-11,2,30,32,1,31281409,262,1,232,13499,
330.116,4926.19,51.4422,7.46802,241.204,32.57,258.569,1,-2,-110,-11,2,30,32,1,31281409,262,1,232,13499,
331.116,4958.36,51.4422,7.46757,240.612,32.6285,259.179,1,3,-109,-10,2,31,33,1,31281409,262,1,232,13499,
332.116,4990.87,51.4421,7.46711,240.01,32.416,259.559,1,3,-109,-10,2,31,33,1,31281409,262,1,232,13499,
333.117,5023.49,51.442,7.46664,239.362,32.3685,259.557,1,9,-109,-10,2,31,33,1,31281409,262,1,232,13499,
334.116,5055.93,51.442,7.46618,238.738,32.3146,260.208,1,9,-109,-10,2,31,33,1,31281409,262,1,232,13499,
335.116,5087.52,51.4419,7.46574,238.462,32.5198,260.5,1,11,-105,-8,2,35,34,1,31281409,262,1,232,13499,
336.116,5119.55,51.4419,7.46528,238.12,32.7479,261.236,1,11,-105,-8,2,35,34,1,31281409,262,1,232,13499,
337.116,5153.1,51.4419,7.4648,237.208,32.6501,261.705,1,11,-100,-7,2,40,38,1,31281409,262,1,232,13499,
338.117,5186.18,51.4418,7.46433,236.318,32.5153,262.207,1,11,-100,-7,2,40,38,1,31281409,262,1,232,13499,
339.116,5218.42,51.4418,7.46386,235.547,32.3972,262.939,1,11,-100,-7,2,40,38,1,31281409,262,1,232,13499,
340.115,5250.68,51.4417,7.4634,234.815,32.2227,263.182,1,12,-100,-7,2,40,39,1,31281409,262,1,232,13499,
341.115,5283.65,51.4417,7.46293,233.796,31.809,263.902,1,12,-100,-7,2,40,39,1,31281409,262,1,232,13499,
342.115,5314.68,51.4417,7.46248,233.089,31.6145,264.484,1,11,-102,-7,2,38,36,1,31281409,262,1,232,13499,
343.116,5344.42,51.4417,7.46205,232.57,31.2161,264.977,1,11,-102,-7,2,38,36,1,31281409,262,1,232,13499,
344.116,5374.04,51.4416,7.46163,232.158,30.7111,265.337,1,10,-102,-7,2,38,36,1,31281409,262,1,232,13499,
345.116,5403.69,51.4416,7.4612,231.672,30.3676,266.017,1,10,-102,-7,2,38,36,1,31281409,262,1,232,13499,
346.116,5433.93,51.4416,7.46076,231.145,30.4214,266.255,1,6,-102,-7,2,38,36,1,31281409,262,1,232,13499,
347.116,5464.11,51.4416,7.46033,230.6,30.5492,266.358,1,6,-102,-7,2,38,36,1,31281409,262,1,232,13499,
348.116,5494.84,51.4416,7.45989,230.043,30.723,266.461,1,5,-101,-7,2,39,37,1,31281409,262,1,232,13499,
349.116,5525.76,51.4416,7.45944,229.623,31.0691,266.465,1,5,-101,-7,2,39,37,1,31281409,262,1,232,13499,
350.116,5557.3,51.4415,7.45899,229.219,31.7421,266.799,1,-1,-103,-9,2,37,38,1,31281409,262,1,232,13499,
351.116,5589.34,51.4415,7.45852,228.918,32.2416,268.012,1,-1,-103,-9,2,37,38,1,31281409,262,1,232,13499,
352.116,5622.12,51.4415,7.45805,228.568,32.5958,268.177,1,4,-104,-11,2,36,39,1,31281409,262,1,232,13499,
353.115,5655,51.4415,7.45758,228.292,32.9664,269.824,1,4,-104,-11,2,36,39,1,31281409,262,1,232,13499,
354.116,5687.6,51.4415,7.45711,228.157,32.5824,269.844,1,2,-103,-12,2,37,40,1,31281409,262,1,232,13499,
355.115,5719.82,51.4415,7.45664,228.089,31.8191,270.264,1,2,-103,-12,2,37,40,1,31281409,262,1,232,13499,
356.116,5751.05,51.4415,7.45619,227.964,31.1723,270.431,1,-6,-104,-11,2,36,38,1,31281409,262,1,232,13499,
357.117,5781.49,51.4415,7.45575,227.891,30.4713,270.812,1,-6,-104,-11,2,36,38,1,31281409,262,1,232,13499,
358.116,5811.55,51.4415,7.45532,227.726,30.0556,270.697,1,-3,-100,-7,2,40,38,1,27771908,262,1,248,13499,
359.116,5841.11,51.4415,7.45489,227.546,29.5648,271.298,1,-3,-100,-7,2,40,38,1,27771908,262,1,248,13499,
360.115,5870.16,51.4416,7.45447,227.388,29.0098,272.959,1,-3,-100,-7,2,40,38,1,27771908,262,1,248,13499,
361.116,5898.81,51.4416,7.45406,227.234,28.4237,273.153,1,14,-95,-7,2,45,44,1,33527552,262,1,432,13499,
362.118,5926.95,51.4416,7.45365,227.085,27.9013,274.69,1,14,-95,-7,2,45,44,1,33527552,262,1,432,13499,
363.116,5954.49,51.4416,7.45326,226.935,27.439,275.008,1,18,-78,-4,15,62,59,15,33527552,262,1,432,13499,
364.116,5981.98,51.4416,7.45286,226.807,27.2306,275.255,1,18,-78,-4,15,62,59,15,33527552,262,1,432,13499,
365.116,6009.37,51.4417,7.45247,226.557,27.3228,275.286,1,25,-79,-4,14,61,58,15,33527552,262,1,432,13499,
366.116,6036.57,51.4417,7.45208,226.131,27.5598,275.844,1,25,-79,-4,14,61,58,15,33527552,262,1,432,13499,
367.118,6064.12,51.4417,7.45168,225.806,27.4044,275.884,1,14,-82,-4,11,58,56,15,33527552,262,1,432,13499,
368.116,6090.94,51.4417,7.4513,225.569,27.0679,277.126,1,14,-82,-4,11,58,56,15,33527552,262,1,432,13499,
369.116,6118.16,51.4418,7.45091,225.422,27.012,277.267,1,19,-79,-5,12,61,58,15,33527552,262,1,432,13499,
370.116,6145.19,51.4418,7.45052,225.208,26.9291,277.381,1,19,-79,-5,12,61,58,15,33527552,262,1,432,13499,
371.116,6171.88,51.4418,7.45014,225.051,27.173,277.577,1,19,-81,-6,13,59,57,15,33527552,262,1,432,13499,
372.118,6199.35,51.4419,7.44975,224.943,27.4831,277.671,1,19,-81,-6,13,59,57,15,33527552,262,1,432,13499,
373.116,6226.91,51.4419,7.44935,224.685,27.2419,278.171,1,19,-79,-5,14,61,59,15,33527552,262,1,432,13499,
374.116,6253.64,51.442,7.44897,224.242,26.8109,278.944,1,19,-79,-5,14,61,59,15,33527552,262,1,432,13499,
375.115,6279.9,51.442,7.4486,223.748,26.4471,279.334,1,21,-79,-5,14,61,58,15,33527552,262,1,432,13499,
376.116,6306.21,51.442,7.44823,223.279,26.6834,279.62,1,21,-79,-5,14,61,58,15,33527552,262,1,432,13499,
377.116,6332.57,51.4421,7.44785,222.802,26.9276,280.247,1,21,-79,-6,2,61,58,15,33527552,262,1,432,13499,
378.116,6359.18,51.4421,7.44747,222.394,27.0586,280.852,1,21,-79,-6,2,61,58,15,33527552,262,1,432,13499,
379.116,6386.01,51.4422,7.44709,222.039,26.8932,281.375,1,27,-80,-5,2,60,57,15,33527552,262,1,432,13499,
380.116,6412.69,51.4422,7.44672,221.604,26.4418,281.951,1,27,-80,-5,2,60,57,15,33527552,262,1,432,13499,
381.116,6438.85,51.4423,7.44635,221.089,26.0687,282.083,1,27,-80,-5,2,60,57,15,33527552,262,1,432,13499,
382.117,6464.47,51.4423,7.44599,220.721,26.0618,282.317,1,31,-78,-6,2,62,58,15,33527552,262,1,432,13499,
383.116,6490.5,51.4424,7.44562,220.386,26.2709,282.812,1,31,-78,-6,2,62,58,15,33527552,262,1,432,13499,
384.116,6517.11,51.4424,7.44525,219.865,26.5529,283.378,1,31,-76,-6,2,64,62,15,33527552,262,1,432,13499,
385.116,6543.24,51.4425,7.44488,219.218,26.3442,283.398,1,31,-76,-6,2,64,62,15,33527552,262,1,432,13499,
386.115,6569.61,51.4425,7.44451,218.681,26.1807,283.601,1,22,-74,-6,2,66,63,15,33527552,262,1,432,13499,
387.118,6595.85,51.4426,7.44414,218.09,26.3557,283.76,1,22,-74,-6,2,66,63,15,33527552,262,1,432,13499,
388.116,6622.29,51.4427,7.44377,217.732,26.668,283.689,1,29,-72,-5,2,68,63,15,33527552,262,1,432,13499,
389.116,6649.32,51.4427,7.44339,217.455,26.847,284.161,1,29,-72,-5,2,68,63,15,33527552,262,1,432,13499,
390.116,6676.6,51.4428,7.44301,217.262,27.3435,285.447,1,25,-73,-5,2,67,63,15,33527552,262,1,432,13499,
391.116,6703.95,51.4428,7.44263,217.039,27.3111,285.98,1,25,-73,-5,2,67,63,15,33527552,262,1,432,13499,
392.117,6731,51.4429,7.44226,216.791,27.5173,286.297,1,32,-73,-5,2,67,63,15,33527552,262,1,432,13499,
393.116,6758.68,51.443,7.44187,216.321,27.7508,286.332,1,32,-73,-5,2,67,63,15,33527552,262,1,432,13499,
394.116,6786.61,51.443,7.44149,215.679,27.6726,286.877,1,33,-70,-6,2,70,63,15,33527552,262,1,432,13499,
395.116,6814.14,51.4431,7.44111,214.971,27.8777,287.306,1,33,-70,-6,2,70,63,15,33527552,262,1,432,13499,
396.116,6841.9,51.4432,7.44072,214.344,28.1532,287.399,1,29,-68,-5,2,72,63,15,33527552,262,1,432,13499,
397.117,6870.05,51.4433,7.44034,213.781,28.3333,287.894,1,29,-68,-5,2,72,63,15,33527552,262,1,432,13499,
398.116,6898.59,51.4433,7.43994,213.204,28.4619,288.282,1,14,-70,-6,2,70,63,15,33527552,262,1,432,13499,
399.115,6926.95,51.4434,7.43955,212.89,28.1521,288.632,1,14,-70,-6,2,70,63,15,33527552,262,1,432,13499,
400.116,6954.97,51.4435,7.43917,212.666,27.8814,289.303,1,25,-77,-5,2,63,61,15,33527552,262,1,432,13499,
401.116,6982.63,51.4436,7.43879,212.51,27.6707,289.694,1,25,-77,-5,2,63,61,15,33527552,262,1,432,13499,
402.116,7010.21,51.4437,7.43842,212.35,27.7168,289.815,1,25,-77,-5,2,63,61,15,33527552,262,1,432,13499,
403.116,7038.13,51.4438,7.43804,212.139,28.094,290.229,1,18,-76,-5,2,64,61,15,33527552,262,1,432,13499,
404.116,7066.1,51.4438,7.43766,212.084,28.5125,290.721,1,18,-76,-5,2,64,61,15,33527552,262,1,432,13499,
405.116,7094.7,51.4439,7.43727,212.056,28.928,291.033,1,13,-75,-4,2,65,62,15,33527552,262,1,432,13499,
406.116,7123.63,51.444,7.43688,211.787,28.9218,291.441,1,13,-75,-4,2,65,62,15,33527552,262,1,432,13499,
407.118,7151.96,51.4441,7.4365,211.277,28.7682,291.834,1,-1,-75,-5,2,65,62,15,33527552,262,1,432,13499,
408.116,7181.1,51.4442,7.43612,210.03,29.0785,292.486,1,-1,-75,-5,2,65,62,15,33527552,262,1,432,13499,
409.116,7210.69,51.4443,7.43572,209.105,29.5178,293.118,1,14,-75,-4,2,65,60,15,33527554,262,1,434,13499,
410.116,7240.45,51.4444,7.43533,207.873,29.5923,293.259,1,14,-75,-4,2,65,60,15,33527554,262,1,434,13499,
411.116,7269.3,51.4446,7.43495,206.356,29.9869,294.289,1,12,-78,-5,2,62,57,15,33527554,262,1,434,13499,
412.118,7298.88,51.4447,7.43457,204.763,30.2229,294.958,1,12,-78,-5,2,62,57,15,33527554,262,1,434,13499,
413.116,7329.21,51.4448,7.43418,203.138,30.069,295.994,1,15,-77,-5,2,63,58,15,33527554,262,1,434,13499,
414.116,7358.94,51.4449,7.4338,201.611,29.8934,296.824,1,15,-77,-5,2,63,58,15,33527554,262,1,434,13499,
415.116,7388.77,51.445,7.43342,200.376,29.7679,298.573,1,20,-81,-6,2,59,55,15,33527554,262,1,434,13499,
416.115,7419.02,51.4452,7.43304,199.206,30.0021,299.26,1,20,-81,-6,2,59,55,15,33527554,262,1,434,13499,
417.117,7449.15,51.4453,7.43267,198.166,29.8795,299.868,1,19,-84,-6,2,56,52,15,33527554,262,1,434,13499,
418.115,7478.6,51.4455,7.4323,197.188,29.6853,300.789,1,19,-84,-6,2,56,52,15,33527554,262,1,434,13499,
419.116,7508.29,51.4456,7.43194,196.054,29.7427,302.688,1,18,-83,-5,2,57,53,15,33527554,262,1,434,13499,
420.116,7538.32,51.4457,7.43158,194.805,29.7877,304.392,1,18,-83,-5,2,57,53,15,33527554,262,1,434,13499,
421.115,7568.27,51.4459,7.43123,193.795,29.6118,305.704,1,16,-84,-5,2,56,52,15,33527554,262,1,434,13499,
422.118,7597.86,51.4461,7.43088,192.88,29.9436,306.51,1,16,-84,-5,2,56,52,15,33527554,262,1,434,13499,
423.116,7627.84,51.4462,7.43054,192.005,30.152,306.968,1,16,-84,-5,2,56,52,15,33527554,262,1,434,13499,
424.116,7658.14,51.4464,7.4302,191.132,30.2788,309.342,1,19,-85,-7,2,55,52,15,33527554,262,1,434,13499,
425.116,7688.28,51.4466,7.42987,190.065,30.112,310.648,1,19,-85,-7,2,55,52,15,33527554,262,1,434,13499,
426.116,7717.68,51.4468,7.42956,188.946,29.6685,310.377,1,18,-83,-6,2,57,53,15,33527554,262,1,434,13499,
427.116,7747.09,51.4469,7.42925,187.661,29.7949,312.738,1,18,-83,-6,2,57,53,15,33527554,262,1,434,13499,
428.116,7776.66,51.4471,7.42894,186.343,29.6705,314.17,1,15,-82,-5,2,58,53,15,33527554,262,1,434,13499,
429.116,7806.09,51.4473,7.42864,185.045,29.9387,315.541,1,15,-82,-5,2,58,53,15,33527554,262,1,434,13499,
430.116,7836.26,51.4475,7.42834,183.655,30.2909,316.346,1,4,-80,-5,2,60,56,15,33527554,262,1,434,13499,
431.117,7866.56,51.4477,7.42805,182.277,30.5989,317.805,1,4,-80,-5,2,60,56,15,33527554,262,1,434,13499,
432.117,7897.28,51.4479,7.42776,180.836,30.7185,318.872,1,1,-82,-7,2,58,56,15,33527554,262,1,434,13499,
433.116,7928.03,51.4481,7.42748,179.403,30.5316,320.638,1,1,-82,-7,2,58,56,15,33527554,262,1,434,13499,
434.116,7958.62,51.4483,7.4272,177.945,30.7056,321.717,1,1,-84,-8,2,56,55,15,33527554,262,1,434,13499,
435.116,7990.05,51.4486,7.42693,176.616,31.2752,323.603,1,1,-84,-8,2,56,55,15,33527554,262,1,434,13499,
436.118,8021.67,51.4488,7.42666,175.427,31.7704,324.589,1,3,-87,-8,2,53,54,15,33527554,262,1,434,13499,
437.116,8053.36,51.449,7.4264,174.117,32.131,325.799,1,3,-87,-8,2,53,54,15,33527554,262,1,434,13499,
438.116,8085.21,51.4493,7.42615,172.812,31.9936,327.461,1,4,-90,-9,2,50,51,15,33527554,262,1,434,13499,
439.116,8117.22,51.4495,7.42591,171.598,31.7168,328.521,1,4,-90,-9,2,50,51,15,33527554,262,1,434,13499,
440.116,8148.74,51.4498,7.42568,170.402,31.3792,329.85,1,10,-91,-8,2,49,48,15,33527554,262,1,434,13499,
441.117,8179.94,51.45,7.42547,169.345,31.0663,332.574,1,10,-91,-8,2,49,48,15,33527554,262,1,434,13499,
442.116,8210.72,51.4503,7.42526,168.261,30.7444,332.589,1,12,-92,-8,2,48,46,15,33527554,262,1,434,13499,
443.116,8240.77,51.4505,7.42506,167.215,31.0758,333.69,1,12,-92,-8,2,48,46,15,33527554,262,1,434,13499,
444.116,8272.35,51.4508,7.42486,166.364,31.2213,335.447,1,12,-92,-8,2,48,46,15,33527554,262,1,434,13499,
445.116,8301.95,51.451,7.42469,165.689,30.7665,336.458,1,3,-94,-8,2,46,45,15,33527554,262,1,434,13499,
446.117,8332.5,51.4513,7.42452,164.921,30.8164,337.504,1,3,-94,-8,2,46,45,15,33527554,262,1,434,13499,
447.116,8362.98,51.4515,7.42435,163.936,30.8368,338.593,1,-9,-98,-10,2,42,43,15,33527554,262,1,434,13499,
448.116,8393.47,51.4518,7.4242,162.742,30.518,339.91,1,-9,-98,-10,2,42,43,15,33527554,262,1,434,13499,
449.116,8423.02,51.452,7.42405,161.509,29.5901,341.063,1,8,-97,-9,2,43,44,15,28365057,262,1,224,13499,
450.115,8452.66,51.4523,7.42391,160.579,29.2596,341.516,1,8,-97,-9,2,43,44,15,28365057,262,1,224,13499,
451.116,8481.11,51.4525,7.42378,159.563,28.7781,342.064,1,2,-97,-9,2,43,44,15,28365057,262,1,224,13499,
452.116,8508.41,51.4527,7.42366,158.432,27.5692,342.767,1,2,-97,-9,2,43,44,15,28365057,262,1,224,13499,
453.115,8536.65,51.453,7.42355,157.453,27.2938,343.297,1,-6,-97,-10,2,43,44,15,28365057,262,1,224,13499,
454.116,8564.1,51.4532,7.42344,156.74,26.6088,344.07,1,-6,-97,-10,2,43,44,15,28365057,262,1,224,13499,
455.116,8589.98,51.4534,7.42334,156.112,25.9537,344.151,1,3,-96,-11,2,44,46,15,27770883,262,1,125,13499,
456.118,8615.59,51.4537,7.42323,155.591,25.5169,343.85,1,3,-96,-11,2,44,46,15,27770883,262,1,125,13499,
457.116,8640.5,51.4539,7.42313,155.132,24.9025,344.067,1,-1,-96,-10,2,44,47,15,27770883,262,1,125,13499,
458.116,8664.8,51.4541,7.42304,154.683,24.181,343.993,1,-1,-96,-10,2,44,47,15,27770883,262,1,125,13499,
459.116,8688.57,51.4543,7.42294,154.264,23.6595,343.977,1,10,-96,-11,2,44,47,15,27770883,262,1,125,13499,
460.116,8711.76,51.4545,7.42285,153.795,23.076,343.659,1,10,-96,-11,2,44,47,15,27770883,262,1,125,13499,
461.118,8735.09,51.4547,7.42276,153.728,22.8905,343.524,1,0,-98,-11,2,42,44,15,27770883,262,1,125,13499,
462.116,8758.12,51.4549,7.42266,153.574,23.1827,343.405,1,0,-98,-11,2,42,44,15,27770883,262,1,125,13499,
463.116,8781.99,51.4551,7.42257,153.648,23.6282,343.058,1,-9,-97,-9,2,43,44,15,29908736,262,1,196,13499,
464.116,8806.06,51.4553,7.42247,153.741,24.2403,342.772,1,-9,-97,-9,2,43,44,15,29908736,262,1,196,13499,
465.116,8830.36,51.4555,7.42237,153.558,24.7727,342.395,1,-9,-97,-9,2,43,44,15,29908736,262,1,196,13499,
466.116,8855.18,51.4557,7.42226,153.273,24.9477,342.155,1,-1,-97,-9,2,43,44,15,29908736,262,1,196,13499,
467.116,8880.15,51.456,7.42215,153.168,24.5024,341.443,1,-1,-97,-9,2,43,44,15,29908736,262,1,196,13499,
468.115,8904.72,51.4562,7.42203,153.115,24.3423,340.441,1,-6,-94,-9,2,46,46,15,29568770,262,1,414,13499,
469.116,8929.1,51.4564,7.42191,152.929,24.7155,340.063,1,-6,-94,-9,2,46,46,15,29568770,262,1,414,13499,
470.116,8953.78,51.4566,7.42178,152.656,25.2812,338.95,1,4,-94,-10,2,46,47,15,27770883,262,1,125,13499,
471.116,8979,51.4568,7.42165,152.323,25.7245,338.227,1,4,-94,-10,2,46,47,15,27770883,262,1,125,13499,
472.115,9004.88,51.457,7.42151,152.041,26.2272,337.475,1,1,-96,-10,2,44,46,15,29568770,262,1,414,13499,
473.116,9030.85,51.4572,7.42136,151.713,26.1561,336.75,1,1,-96,-10,2,44,46,15,29568770,262,1,414,13499,
474.116,9056.85,51.4574,7.42121,151.274,26.23,335.87,1,13,-93,-9,2,47,48,15,27770883,262,1,125,13499,
475.116,9082.99,51.4576,7.42106,151.008,26.5193,335.253,1,13,-93,-9,2,47,48,15,27770883,262,1,125,13499,
476.116,9110.48,51.4579,7.42089,150.693,26.6669,334.741,1,7,-90,-8,2,50,50,15,27770883,262,1,125,13499,
477.116,9137.35,51.4581,7.42072,150.366,26.8207,333.88,1,7,-90,-8,2,50,50,15,27770883,262,1,125,13499,
478.116,9164.19,51.4583,7.42055,150.006,27.1981,333.273,1,12,-89,-6,2,51,50,15,27770883,262,1,125,13499,
479.116,9191.6,51.4585,7.42037,149.765,27.342,332.297,1,12,-89,-6,2,51,50,15,27770883,262,1,125,13499,
480.117,9218.8,51.4587,7.42018,149.578,27.4274,331.809,1,10,-89,-6,2,51,50,15,27770883,262,1,125,13499,
481.116,9246.67,51.459,7.41998,149.393,27.6863,331.398,1,10,-89,-6,2,51,50,15,27770883,262,1,125,13499,
482.117,9274.74,51.4592,7.41978,149.165,27.893,329.932,1,16,-87,-6,2,53,51,15,27770883,262,1,125,13499,
483.116,9302.7,51.4594,7.41957,148.923,28.1684,328.957,1,16,-87,-6,2,53,51,15,27770883,262,1,125,13499,
484.116,9330.23,51.4596,7.41937,148.776,28.4987,328.174,1,15,-84,-6,2,56,54,15,27770883,262,1,125,13499,
485.117,9358.72,51.4598,7.41915,148.7,28.8543,327.498,1,15,-84,-6,2,56,54,15,27770883,262,1,125,13499,
486.116,9387.92,51.46,7.41893,148.571,29.2178,326.834,1,15,-84,-6,2,56,54,15,27770883,262,1,125,13499,
487.116,9417.47,51.4603,7.41869,148.33,29.5382,325.992,1,10,-81,-6,2,59,57,15,27770883,262,1,125,13499,
488.116,9447.12,51.4605,7.41844,148.121,29.8313,324.899,1,10,-81,-6,2,59,57,15,27770883,262,1,125,13499,
489.116,9477.04,51.4607,7.41819,147.745,30.2284,323.792,1,18,-81,-6,2,59,56,15,27770883,262,1,125,13499,
490.117,9507.4,51.4609,7.41793,147.404,30.4753,323.118,1,18,-81,-6,2,59,56,15,27770883,262,1,125,13499,
491.116,9538.21,51.4611,7.41766,147.122,30.8408,322.729,1,20,-78,-5,2,62,59,15,27770883,262,1,125,13499,
492.116,9569.34,51.4614,7.41738,147.219,31.1053,321.453,1,20,-78,-5,2,62,59,15,27770883,262,1,125,13499,
493.116,9600.7,51.4616,7.41711,147.341,31.4432,320.745,1,19,-74,-5,2,66,62,15,27770883,262,1,125,13499,
494.116,9632.21,51.4618,7.41681,147.567,31.5994,319.656,1,19,-74,-5,2,66,62,15,27770883,262,1,125,13499,
495.117,9663.98,51.462,7.41652,147.67,31.9853,318.877,1,24,-75,-5,2,65,60,15,27770883,262,1,125,13499,
496.116,9695.72,51.4622,7.41621,147.604,32.218,317.964,1,24,-75,-5,2,65,60,15,27770883,262,1,125,13499,
497.116,9727.71,51.4625,7.41591,147.393,32.4968,317.244,1,24,-77,-5,2,63,58,15,27770883,262,1,125,13499,
498.116,9760.24,51.4627,7.41558,147.305,32.7208,315.851,1,24,-77,-5,2,63,58,15,27770883,262,1,125,13499,
499.116,9793.22,51.4629,7.41525,147.52,32.9783,314.929,1,21,-76,-5,2,64,61,15,27770883,262,1,125,13499,
500.115,9826.19,51.4631,7.41491,147.703,33.1936,314.06,1,21,-76,-5,2,64,61,15,27770883,262,1,125,13499,
501.116,9859.48,51.4633,7.41456,147.94,33.4017,313.221,1,27,-77,-6,2,63,60,15,27770883,262,1,125,13499,
502.116,9892.86,51.4635,7.41421,148.221,33.5816,312.184,1,27,-77,-6,2,63,60,15,27770883,262,1,125,13499,
503.117,9926.13,51.4637,7.41385,148.258,33.826,311.452,1,19,-75,-6,2,65,62,15,27770883,262,1,125,13499,
504.116,9960.02,51.4639,7.41348,148.286,33.9791,310.739,1,19,-75,-6,2,65,62,15,27770883,262,1,125,13499,
505.116,9994.01,51.4641,7.41311,148.32,34.2008,310.379,1,11,-82,-6,2,58,56,15,27770883,262,1,125,13499,
506.116,10028.1,51.4643,7.41273,148.368,34.3574,309.528,1,11,-82,-6,2,58,56,15,27770883,262,1,125,13499,
507.116,10062.4,51.4645,7.41235,148.427,34.4749,309.174,1,11,-82,-6,2,58,56,15,27770883,262,1,125,13499,
508.118,10096.9,51.4647,7.41196,148.651,34.3213,308.68,1,16,-84,-6,2,56,54,15,27770883,262,1,125,13499,
509.116,10131.2,51.4649,7.41157,148.955,34.3629,308.356,1,16,-84,-6,2,56,54,15,27770883,262,1,125,13499,
510.116,10165.5,51.4651,7.41118,149.272,34.2559,308.045,1,11,-81,-6,2,59,56,15,27770883,262,1,125,13499,
511.116,10199.2,51.4653,7.4108,149.36,33.6673,308.253,1,11,-81,-6,2,59,56,15,27770883,262,1,125,13499,
512.116,10232.5,51.4654,7.41042,149.379,33.4822,308.15,1,-2,-85,-9,2,55,53,15,27770883,262,1,125,13499,
513.118,10265.7,51.4656,7.41004,149.565,33.4262,308.054,1,-2,-85,-9,2,55,53,15,27770883,262,1,125,13499,
514.116,10299.1,51.4658,7.40967,149.792,33.3997,307.909,1,7,-93,-7,2,47,45,15,27770885,262,1,124,13499,
515.116,10332.6,51.466,7.40929,150.076,33.4915,307.986,1,7,-93,-7,2,47,45,15,27770885,262,1,124,13499,
516.116,10365.9,51.4662,7.40891,150.339,33.2984,308.148,1,8,-90,-7,2,50,47,15,27770885,262,1,124,13499,
517.116,10398.8,51.4664,7.40853,150.553,33.1701,308.396,1,8,-90,-7,2,50,47,15,27770885,262,1,124,13499,
518.117,10431.5,51.4665,7.40816,150.732,32.611,308.695,1,4,-88,-7,2,52,49,15,27770885,262,1,124,13499,
519.116,10463.5,51.4667,7.4078,150.878,31.8833,308.804,1,4,-88,-7,2,52,49,15,27770885,262,1,124,13499,
520.115,10494.8,51.4669,7.40745,151.022,31.1661,309.268,1,15,-89,-8,2,51,49,15,27770885,262,1,124,13499,
521.116,10525.5,51.4671,7.40711,151.147,30.4918,310.04,1,15,-89,-8,2,51,49,15,27770885,262,1,124,13499,
522.116,10556,51.4673,7.40677,151.398,30.1343,310.818,1,16,-86,-8,2,54,50,15,27770885,262,1,124,13499,
523.116,10585.9,51.4674,7.40645,151.624,30.1265,311.691,1,16,-86,-8,2,54,50,15,27770885,262,1,124,13499,
524.116,10616,51.4676,7.40613,151.725,30.2626,312.199,1,16,-82,-6,2,58,53,15,27770885,262,1,124,13499,
525.116,10646.7,51.4678,7.4058,152.092,30.3554,311.95,1,16,-82,-6,2,58,53,15,27770885,262,1,124,13499,
526.116,10676.5,51.468,7.40548,152.419,29.943,311.591,1,13,-81,-6,2,59,55,15,27770885,262,1,124,13499,
527.116,10706.5,51.4682,7.40515,152.785,29.8308,311.356,1,13,-81,-6,2,59,55,15,27770885,262,1,124,13499,
528.116,10735.8,51.4683,7.40484,152.971,29.7563,311.737,1,13,-81,-6,2,59,55,15,27770885,262,1,124,13499,
529.116,10765.2,51.4685,7.40452,153.294,29.2745,312.122,1,4,-82,-6,2,58,54,15,27770885,262,1,124,13499,
530.115,10794.2,51.4687,7.40421,153.739,28.8287,312.785,1,4,-82,-6,2,58,54,15,27770885,262,1,124,13499,
531.116,10822.7,51.4689,7.40391,154.155,28.3422,313.081,1,-9,-82,-8,2,58,57,15,27770885,262,1,124,13499,
532.116,10850.6,51.469,7.40362,154.293,27.6697,313.26,1,-9,-82,-8,2,58,57,15,27770885,262,1,124,13499,
533.116,10877.8,51.4692,7.40333,154.529,27.0101,312.698,1,20,-80,-7,2,60,60,15,27771140,262,1,289,13499,
534.116,10904.9,51.4694,7.40304,154.664,26.9605,313.107,1,20,-80,-7,2,60,60,15,27771140,262,1,289,13499,
535.116,10932.6,51.4695,7.40276,155,26.8492,314.183,1,17,-80,-7,2,60,59,15,27771140,262,1,289,13499,
536.116,10958.6,51.4697,7.40249,155.516,26.265,314.684,1,17,-80,-7,2,60,59,15,27771140,262,1,289,13499,
537.116,10984.4,51.4699,7.40222,156.135,25.6913,314.817,1,18,-83,-7,2,57,56,15,27771140,262,1,289,13499,
538.116,11009.8,51.47,7.40196,156.985,25.123,314.995,1,18,-83,-7,2,57,56,15,27771140,262,1,289,13499,
539.116,11034.9,51.4702,7.4017,157.808,25.0416,315.067,1,16,-86,-7,2,54,53,15,27771140,262,1,289,13499,
540.115,11060.4,51.4704,7.40145,158.663,25.0746,315.217,1,16,-86,-7,2,54,53,15,27771140,262,1,289,13499,
541.116,11085.4,51.4705,7.4012,159.549,24.8267,315.921,1,18,-85,-6,2,55,53,15,27771140,262,1,289,13499,
542.116,11109.9,51.4707,7.40096,160.376,24.2668,316.249,1,18,-85,-6,2,55,53,15,27771140,262,1,289,13499,
543.116,11133.6,51.4708,7.40072,160.788,23.7834,316.496,1,20,-85,-6,2,55,53,15,27771140,262,1,289,13499,
544.116,11157.2,51.471,7.40049,161.188,23.7542,316.179,1,20,-85,-6,2,55,53,15,27771140,262,1,289,13499,
545.116,11181,51.4711,7.40025,161.64,23.9472,316.846,1,19,-86,-5,2,54,52,15,27771140,262,1,289,13499,
546.116,11205.4,51.4713,7.40001,162.26,23.9331,317.212,1,19,-86,-5,2,54,52,15,27771140,262,1,289,13499,
547.116,11228.7,51.4715,7.39978,162.341,23.657,317.101,1,18,-86,-5,2,54,50,15,27771140,262,1,289,13499,
548.116,11251.8,51.4716,7.39956,161.915,23.3908,317.977,1,18,-86,-5,2,54,50,15,27771140,262,1,289,13499,
549.116,11274.9,51.4718,7.39935,161.689,23.0842,318.22,1,18,-86,-5,2,54,50,15,27771140,262,1,289,13499,
550.117,11298.1,51.4719,7.39913,161.654,23.0058,318.317,1,18,-87,-6,2,53,50,15,27771140,262,1,289,13499,
551.116,11320.8,51.4721,7.39891,161.502,22.973,318.294,1,18,-87,-6,2,53,50,15,27771140,262,1,289,13499,
552.116,11343.6,51.4722,7.39869,161.037,23.2096,318.589,1,21,-86,-6,2,54,50,15,27771140,262,1,289,13499,
553.116,11367.3,51.4724,7.39847,161.036,23.4764,319.386,1,21,-86,-6,2,54,50,15,27771140,262,1,289,13499,
554.116,11391.4,51.4726,7.39824,161.401,23.5961,319.233,1,20,-85,-6,2,55,51,15,27771140,262,1,289,13499,
555.117,11415.4,51.4727,7.39802,162.08,23.7124,319.143,1,20,-85,-6,2,55,51,15,27771140,262,1,289,13499,
556.117,11439.8,51.4729,7.39778,163.164,23.7725,319.266,1,17,-85,-6,2,55,50,15,27771140,262,1,289,13499,
557.116,11464,51.4731,7.39756,164.386,23.6462,319.44,1,17,-85,-6,2,55,50,15,27771140,262,1,289,13499,
558.116,11488.1,51.4732,7.39733,165.565,23.7885,319.77,1,16,-87,-6,2,53,49,15,27771140,262,1,289,13499,
559.116,11512,51.4734,7.39711,166.578,23.7377,319.782,1,16,-87,-6,2,53,49,15,27771140,262,1,289,13499,
560.118,11535.7,51.4736,7.39689,167.386,23.7459,320.457,1,9,-90,-6,2,50,46,15,27771140,262,1,289,13499,
561.116,11560,51.4737,7.39667,168.108,23.8546,320.679,1,9,-90,-6,2,50,46,15,27771140,262,1,289,13499,
562.116,11583.4,51.4739,7.39646,168.603,23.7439,321.372,1,14,-88,-6,2,52,49,15,27771140,262,1,289,13499,
563.116,11607.7,51.4741,7.39625,168.915,23.9391,322.356,1,14,-88,-6,2,52,49,15,27771140,262,1,289,13499,
564.116,11631.7,51.4742,7.39605,169.364,24.1627,323.132,1,15,-87,-6,2,53,50,15,27771140,262,1,289,13499,
565.117,11655.4,51.4744,7.39584,169.982,24.1006,323.634,1,15,-87,-6,2,53,50,15,27771140,262,1,289,13499,
566.116,11680.2,51.4746,7.39564,170.372,23.9796,324.256,1,22,-86,-6,2,54,51,15,27771140,262,1,289,13499,
567.116,11703.9,51.4748,7.39545,171.15,23.8823,325.801,1,22,-86,-6,2,54,51,15,27771140,262,1,289,13499,
568.116,11728.4,51.475,7.39525,171.462,23.8552,326.469,1,22,-85,-6,2,55,52,15,27771140,262,1,289,13499,
569.116,11752.4,51.4751,7.39507,171.769,24.1256,328.365,1,22,-85,-6,2,55,52,15,27771140,262,1,289,13499,
570.115,11776.7,51.4753,7.39489,172.314,24.2768,329.038,1,22,-85,-6,2,55,52,15,27771140,262,1,289,13499,
571.115,11800.2,51.4755,7.39471,172.73,24.4218,329.225,1,22,-84,-6,2,56,54,15,27771140,262,1,289,13499,
572.116,11824.4,51.4757,7.39453,172.912,24.5588,330.003,1,22,-84,-6,2,56,54,15,27771140,262,1,289,13499,
573.116,11848.6,51.4759,7.39435,173.042,24.3188,330.472,1,21,-81,-7,2,59,58,15,27771140,262,1,289,13499,
574.116,11872.6,51.4761,7.39419,173.188,23.9923,331.031,1,21,-81,-7,2,59,58,15,27771140,262,1,289,13499,
575.117,11896.3,51.4763,7.39402,173.326,23.657,331.621,1,19,-79,-7,2,61,59,15,27771140,262,1,289,13499,
576.115,11918.5,51.4764,7.39386,173.341,22.5807,333.014,1,19,-79,-7,2,61,59,15,27771140,262,1,289,13499,
577.116,11940.6,51.4766,7.39371,173.283,22.0406,333.918,1,18,-79,-6,2,61,59,15,27771140,262,1,289,13499,
578.116,11961.8,51.4768,7.39357,173.186,21.4358,334.909,1,18,-79,-6,2,61,59,15,27771140,262,1,289,13499,
579.115,11982.3,51.4769,7.39343,173.15,20.7375,335.26,1,16,-77,-6,2,63,61,15,27771140,262,1,289,13499,
580.117,12002.4,51.4771,7.39331,173.256,20.0982,335.928,1,16,-77,-6,2,63,61,15,27771140,262,1,289,13499,
581.116,12022.4,51.4773,7.3932,173.447,19.5794,339.585,1,10,-76,-6,2,64,62,15,27771140,262,1,289,13499,
582.116,12041.8,51.4774,7.39312,173.727,18.9943,343.147,1,10,-76,-6,2,64,62,15,27771140,262,1,289,13499,
583.116,12059.8,51.4776,7.39305,174.351,17.9701,344.687,1,8,-81,-8,2,59,58,15,27771140,262,1,289,13499,
584.116,12078.2,51.4778,7.393,174.945,17.4296,347.874,1,8,-81,-8,2,59,58,15,27771140,262,1,289,13499,
585.116,12094.4,51.4779,7.39297,175.68,17.1364,351.972,1,4,-85,-10,2,55,57,15,27771140,262,1,289,13499,
586.116,12111.8,51.4781,7.39301,176.211,17.3434,6.94663,1,4,-85,-10,2,55,57,15,27771140,262,1,289,13499,
587.116,12129.4,51.4782,7.39305,176.738,17.0146,8.59403,1,20,-83,-8,2,57,56,15,27771139,262,1,288,13499,
588.115,12147.7,51.4784,7.39312,177.111,17.2664,12.0586,1,20,-83,-8,2,57,56,15,27771139,262,1,288,13499,
589.115,12166.2,51.4785,7.39323,177.061,17.0815,25.6768,1,25,-83,-7,2,57,55,15,27771139,262,1,288,13499,
590.116,12184.2,51.4787,7.39336,176.903,16.5865,28.1786,1,25,-83,-7,2,57,55,15,27771139,262,1,288,13499,
591.116,12200.6,51.4788,7.39348,176.729,15.7301,30.6965,1,25,-83,-7,2,57,55,15,27771139,262,1,288,13499,
592.116,12215.4,51.4789,7.39359,176.281,14.3343,31.4514,1,28,-80,-5,2,60,57,15,27771139,262,1,288,13499,
593.116,12228.7,51.479,7.39369,175.604,13.2544,30.2261,1,28,-80,-5,2,60,57,15,27771139,262,1,288,13499,
594.116,12243.1,51.4791,7.39379,176.263,12.4077,26.8273,1,27,-80,-5,2,60,56,15,27771139,262,1,288,13499,
595.116,12255.4,51.4792,7.39383,177.106,12.2925,7.92378,1,27,-80,-5,2,60,56,15,27771139,262,1,288,13499,
596.116,12267.4,51.4793,7.39382,177.728,12.6617,355.091,1,25,-82,-5,2,58,54,15,27771139,262,1,288,13499,
597.116,12277.7,51.4794,7.3938,178.314,13.075,351.334,1,25,-82,-5,2,58,54,15,27771139,262,1,288,13499,
598.117,12290.1,51.4795,7.39374,178.92,12.8697,337.097,1,14,-84,-5,2,56,53,15,27771139,262,1,288,13499,
599.117,12303.7,51.4796,7.39365,179.321,13.3767,336.027,1,14,-84,-5,2,56,53,15,27771139,262,1,288,13499,
600.116,12316.8,51.4797,7.39357,179.831,12.5381,334.837,1,20,-89,-6,2,51,48,15,27771139,262,1,288,13499,
601.116,12316.8,51.4797,7.39357,179.831,12.5381,334.837,1,20,-89,-6,2,51,48,15,27771139,262,1,288,13499,
602.116,12339.3,51.4799,7.39343,181.143,9.96657,335.381,1,11,-89,-6,2,51,47,15,28365058,262,1,223,13499,
603.116,12348.6,51.48,7.39341,181.672,9.56317,349.236,1,11,-89,-6,2,51,47,15,28365058,262,1,223,13499,
604.115,12357.6,51.4801,7.39341,182.102,9.07461,4.51673,1,14,-88,-5,2,52,48,15,28365058,262,1,223,13499,
605.115,12367.1,51.4802,7.39345,182.612,8.72126,20.7654,1,14,-88,-5,2,52,48,15,28365058,262,1,223,13499,
606.116,12375.6,51.4802,7.39352,183.288,8.84029,37.4116,1,29,-87,-5,2,53,49,15,27771139,262,1,288,13499,
607.116,12384.5,51.4803,7.39361,183.985,9.622,50.955,1,29,-87,-5,2,53,49,15,27771139,262,1,288,13499,
608.115,12394.7,51.4804,7.39373,184.602,10.3407,54.1107,1,25,-86,-5,2,54,51,15,27771139,262,1,288,13499,
609.116,12406.2,51.4804,7.39387,185.013,11.3528,55.5023,1,25,-86,-5,2,54,51,15,27771139,262,1,288,13499,
610.116,12418.3,51.4805,7.39401,185.015,12.3492,56.0549,1,26,-85,-6,2,55,52,15,27771139,262,1,288,13499,
611.116,12431.7,51.4805,7.39417,184.986,13.3011,56.2771,1,26,-85,-6,2,55,52,15,27771139,262,1,288,13499,
612.116,12445.4,51.4806,7.39434,184.666,14.2076,56.7753,1,26,-85,-6,2,55,52,15,27771139,262,1,288,13499,
613.116,12460.2,51.4807,7.39452,184.333,15.0791,57.6675,1,25,-85,-6,2,55,52,15,27771139,262,1,288,13499,
614.117,12475.8,51.4807,7.39472,183.96,15.8672,58.1972,1,25,-85,-6,2,55,52,15,27771139,262,1,288,13499,
615.116,12491.6,51.4808,7.39491,183.626,16.7109,58.7454,1,23,-84,-6,2,56,52,15,27771139,262,1,288,13499,
616.182,12491.6,51.4808,7.39491,183.626,16.7109,58.7454,1,23,-84,-6,2,56,52,15,27771139,262,1,288,13499,
617.116,12525.5,51.481,7.39534,183.168,17.3825,59.2943,1,22,-84,-6,2,56,52,15,27771139,262,1,288,13499,
618.12,12541.9,51.481,7.39555,182.504,17.253,59.8653,1,22,-84,-6,2,56,52,15,27771139,262,1,288,13499,
619.115,12558.5,51.4811,7.39576,181.728,16.7256,60.2299,1,19,-81,-6,11,59,56,7,27771139,262,1,288,13499,
620.116,12575.4,51.4812,7.39597,181.225,16.3782,60.7349,1,19,-81,-6,11,59,56,7,27771139,262,1,288,13499,
621.116,12591.5,51.4813,7.39617,180.792,16.0824,60.717,1,18,-87,-6,12,53,51,7,27771139,262,1,288,13499,
622.116,12607.2,51.4813,7.39637,180.448,15.8643,60.2753,1,18,-87,-6,12,53,51,7,27771139,262,1,288,13499,
623.116,12623.4,51.4814,7.39658,180.311,15.5833,59.8678,1,16,-86,-6,12,54,49,7,27771139,262,1,288,13499,
624.116,12638.8,51.4815,7.39677,180.433,15.3738,59.2348,1,16,-86,-6,12,54,49,7,27771139,262,1,288,13499,
625.118,12653.5,51.4815,7.39695,180.362,14.9978,58.5024,1,13,-87,-5,13,53,49,7,27771139,262,1,288,13499,
626.116,12668.6,51.4816,7.39713,180.392,14.7238,57.7369,1,13,-87,-5,13,53,49,7,27771139,262,1,288,13499,
627.115,12682.8,51.4817,7.3973,180.478,14.3465,57.0298,1,19,-85,-5,15,55,51,7,27771139,262,1,288,13499,
628.116,12696.8,51.4818,7.39746,180.51,13.7025,56.1292,1,19,-85,-5,15,55,51,7,27771139,262,1,288,13499,
629.115,12696.8,51.4818,7.39746,180.51,13.7025,56.1292,1,27,-82,-4,15,58,55,7,27771139,262,1,288,13499,
630.116,12723,51.4819,7.39776,180.883,11.5416,53.883,1,27,-82,-4,15,58,55,7,27771139,262,1,288,13499,
631.116,12733.7,51.482,7.39788,181.166,10.3368,52.9274,1,25,-79,-4,15,61,57,7,27771139,262,1,288,13499,
632.116,12743.8,51.482,7.39799,181.512,9.21456,51.9891,1,25,-79,-4,15,61,57,7,27771139,262,1,288,13499,
633.115,12753.4,51.4821,7.3981,182.284,7.86147,51.0497,1,23,-79,-4,15,61,57,7,27771139,262,1,288,13499,
634.115,12760.6,51.4821,7.39818,182.983,6.44286,50.3251,1,23,-79,-4,15,61,57,7,27771139,262,1,288,13499,
635.115,12760.6,51.4821,7.39818,182.983,6.44286,50.3251,1,23,-79,-4,15,61,57,7,27771139,262,1,288,13499,
636.116,12771.4,51.4822,7.39829,183.487,5.47961,48.6497,1,27,-76,-4,2,64,59,7,27771139,262,1,288,13499,
637.116,12777.7,51.4822,7.39836,183.524,6.392,47.7471,1,27,-76,-4,2,64,59,7,27771139,262,1,288,13499,
638.116,12784.3,51.4823,7.39843,183.489,6.98453,46.3584,1,25,-76,-5,2,64,60,7,27771139,262,1,288,13499,
639.116,12791.6,51.4823,7.3985,183.54,7.20212,45.2746,1,25,-76,-5,2,64,60,7,27771139,262,1,288,13499,
640.116,12799.3,51.4824,7.39858,183.675,7.98262,43.653,1,26,-76,-5,2,64,60,7,27771139,262,1,288,13499,
641.116,12808.4,51.4824,7.39866,184.273,8.76672,42.0941,1,26,-76,-5,2,64,60,7,27771139,262,1,288,13499,
642.116,12817.3,51.4825,7.39874,184.53,9.51601,40.6342,1,22,-79,-5,2,61,57,7,27771139,262,1,288,13499,
643.116,12827,51.4826,7.39882,184.759,10.2206,39.1431,1,22,-79,-5,2,61,57,7,27771139,262,1,288,13499,
644.116,12837.5,51.4826,7.39891,184.949,10.629,38.1372,1,16,-85,-6,2,55,52,7,27771139,262,1,288,13499,
645.116,12848,51.4827,7.399,184.962,10.7253,37.0028,1,16,-85,-6,2,55,52,7,27771139,262,1,288,13499,
646.115,12859.3,51.4828,7.39909,184.853,11.2782,35.4348,1,21,-87,-6,2,53,50,7,27771139,262,1,288,13499,
647.116,12870.6,51.4829,7.39918,184.739,12.1878,34.3948,1,21,-87,-6,2,53,50,7,27771139,262,1,288,13499,
648.115,12883.4,51.483,7.39928,184.493,12.9254,33.9814,1,16,-87,-6,2,53,49,7,27771139,262,1,288,13499,
649.122,12896.9,51.4831,7.39938,184.262,13.4998,33.2398,1,16,-87,-6,2,53,49,7,27771139,262,1,288,13499,
650.117,12910.4,51.4832,7.39949,184.013,13.9694,33.6766,1,7,-87,-5,2,53,49,7,27771139,262,1,288,13499,
651.116,12925,51.4833,7.3996,183.77,14.3091,33.8436,1,7,-87,-5,2,53,49,7,27771139,262,1,288,13499,
652.116,12938.9,51.4834,7.39971,183.587,14.426,33.9054,1,10,-89,-6,2,51,47,7,27771139,262,1,288,13499,
653.116,12953,51.4835,7.39982,183.324,14.4542,34.2509,1,10,-89,-6,2,51,47,7,27771139,262,1,288,13499,
654.118,12967.7,51.4836,7.39994,183.033,14.7511,35.2418,1,7,-93,-6,2,47,44,7,27771139,262,1,288,13499,
655.116,12982.5,51.4837,7.40006,182.818,15.0658,35.5735,1,7,-93,-6,2,47,44,7,27771139,262,1,288,13499,
656.116,12997.5,51.4838,7.40019,182.509,14.8058,36.0712,1,7,-93,-6,2,47,44,7,27771139,262,1,288,13499,
657.116,13012.5,51.4839,7.40032,182.255,14.7536,36.6413,1,19,-92,-7,2,48,45,7,28365058,262,1,223,13499,
658.115,13027.1,51.4841,7.40044,181.923,15.0342,37.2069,1,19,-92,-7,2,48,45,7,28365058,262,1,223,13499,
659.117,13042.6,51.4842,7.40058,181.738,15.3675,37.8184,1,11,-91,-7,2,49,46,7,28365058,262,1,223,13499,
660.115,13058.3,51.4843,7.40072,181.751,15.7555,38.5165,1,11,-91,-7,2,49,46,7,28365058,262,1,223,13499,
661.116,13073.7,51.4844,7.40086,181.529,15.6376,39.2638,1,12,-91,-7,2,49,47,7,28365058,262,1,223,13499,
662.116,13089.1,51.4845,7.401,181.257,15.4621,40.1053,1,12,-91,-7,2,49,47,7,28365058,262,1,223,13499,
663.115,13104.5,51.4846,7.40115,181.188,15.0854,41.1659,1,10,-93,-7,2,47,45,7,28365058,262,1,223,13499,
664.118,13119.3,51.4847,7.4013,181.097,14.8267,41.9413,1,10,-93,-7,2,47,45,7,28365058,262,1,223,13499,
665.115,13134,51.4848,7.40144,180.523,14.457,42.2439,1,7,-96,-7,2,44,43,7,28365058,262,1,223,13499,
666.115,13148.1,51.4849,7.40158,179.823,14.5664,41.8246,1,7,-96,-7,2,44,43,7,28365058,262,1,223,13499,
667.115,13162.3,51.485,7.40172,179.193,14.3737,42.0318,1,5,-98,-8,2,42,41,7,28365058,262,1,223,13499,
668.116,13175.9,51.4851,7.40186,178.639,13.5457,42.4912,1,5,-98,-8,2,42,41,7,28365058,262,1,223,13499,
669.115,13188.6,51.4851,7.40199,177.975,12.6385,43.4485,1,8,-99,-8,2,41,40,7,28365058,262,1,223,13499,
670.116,13201.7,51.4852,7.40213,178.057,11.9099,44.8296,1,8,-99,-8,2,41,40,7,28365058,262,1,223,13499,
671.116,13213.3,51.4853,7.40225,178.452,10.77,46.5183,1,10,-98,-8,2,42,41,7,28365058,262,1,223,13499,
672.116,13223.6,51.4853,7.40237,178.833,9.57974,47.6178,1,10,-98,-8,2,42,41,7,28365058,262,1,223,13499,
673.116,13232.8,51.4854,7.40247,179.459,8.12094,48.5343,1,10,-95,-7,2,45,42,7,28365058,262,1,223,13499,
674.118,13240.5,51.4854,7.40256,180.292,6.27355,48.9997,1,10,-95,-7,2,45,42,7,28365058,262,1,223,13499,
675.115,13246.1,51.4855,7.40263,181.059,4.75829,49.4855,1,5,-96,-7,2,44,43,7,28365058,262,1,223,13499,
676.116,13250.6,51.4855,7.40268,181.121,3.90829,50.0605,1,5,-96,-7,2,44,43,7,28365058,262,1,223,13499,
677.116,13253.4,51.4855,7.40271,181.164,2.73243,49.1724,1,5,-96,-7,2,44,43,7,28365058,262,1,223,13499,
678.116,13255.9,51.4855,7.40274,181.17,2.55345,48.2986,1,10,-96,-7,2,44,43,7,28365058,262,1,223,13499,
679.117,13259.1,51.4855,7.40277,181.148,3.77512,45.1122,1,10,-96,-7,2,44,43,7,28365058,262,1,223,13499,
680.116,13263.5,51.4856,7.4028,180.94,4.87359,23.1762,1,4,-98,-8,2,42,40,7,28365058,262,1,223,13499,
681.115,13269.4,51.4856,7.40281,180.709,5.72914,4.89861,1,4,-98,-8,2,42,40,7,28365058,262,1,223,13499,
682.116,13276.1,51.4857,7.40279,180.661,6.57454,347.631,1,1,-98,-9,2,42,41,7,28365058,262,1,223,13499,
683.116,13283.1,51.4857,7.40274,180.682,7.66754,331.082,1,1,-98,-9,2,42,41,7,28365058,262,1,223,13499,
684.118,13291.9,51.4858,7.40268,180.956,8.6359,329.449,1,0,-96,-7,2,44,42,7,29391105,262,1,351,13499,
685.116,13301.7,51.4859,7.40261,180.944,9.33438,327.106,1,0,-96,-7,2,44,42,7,29391105,262,1,351,13499,
686.116,13311.6,51.486,7.40252,180.763,9.63906,325.686,1,6,-100,-8,2,40,39,7,28365058,262,1,223,13499,
687.116,13321.7,51.486,7.40244,180.573,10.7432,324.607,1,6,-100,-8,2,40,39,7,28365058,262,1,223,13499,
688.116,13332.7,51.4861,7.40234,180.387,11.398,325.873,1,6,-101,-8,2,39,39,7,28365058,262,1,223,13499,
689.118,13342.9,51.4862,7.40226,180.062,11.1379,327.069,1,6,-101,-8,2,39,39,7,28365058,262,1,223,13499,
690.116,13355.3,51.4863,7.40216,180.148,11.8212,328.745,1,1,-101,-9,2,39,40,7,28365058,262,1,223,13499,
691.116,13367.2,51.4864,7.40208,180.074,12.499,331.49,1,1,-101,-9,2,39,40,7,28365058,262,1,223,13499,
692.116,13378.2,51.4865,7.40201,179.265,12.6439,333.755,1,0,-99,-9,2,41,42,7,29391106,262,1,353,13499,
693.116,13390.8,51.4866,7.40193,179.22,12.826,335.982,1,0,-99,-9,2,41,42,7,29391106,262,1,353,13499,
694.115,13404.3,51.4867,7.40187,179.493,13.1562,338.543,1,-4,-100,-10,2,40,42,7,29391106,262,1,353,13499,
695.116,13418.5,51.4868,7.40181,180.046,13.6676,340.829,1,-4,-100,-10,2,40,42,7,29391106,262,1,353,13499,
696.116,13431.9,51.4869,7.40176,180.452,13.6616,343.757,1,1,-101,-11,2,39,41,7,26385409,262,1,93,13499,
697.115,13445.9,51.487,7.40172,180.461,13.4784,346.633,1,1,-101,-11,2,39,41,7,26385409,262,1,93,13499,
698.116,13459.7,51.4872,7.40169,180.331,13.4996,349.351,1,1,-101,-11,2,39,41,7,26385409,262,1,93,13499,
699.117,13472.3,51.4873,7.40168,180.146,13.6569,351.569,1,12,-92,-7,2,48,43,7,27771139,262,1,288,13499,
700.116,13485.9,51.4874,7.40167,180.062,14.3978,353.915,1,12,-92,-7,2,48,43,7,27771139,262,1,288,13499,
701.116,13501.7,51.4875,7.40167,179.621,15.1035,355.978,1,5,-88,-6,2,52,46,7,27771139,262,1,288,13499,
702.115,13517,51.4877,7.40168,179.466,15.5038,357.691,1,5,-88,-6,2,52,46,7,27771139,262,1,288,13499,
703.117,13531.9,51.4878,7.40169,179.622,15.3928,358.759,1,17,-87,-6,2,53,51,7,26385409,262,1,93,13499,
704.116,13548.3,51.488,7.4017,179.758,15.3935,359.414,1,17,-87,-6,2,53,51,7,26385409,262,1,93,13499,
705.116,13563.4,51.4881,7.40171,179.414,15.343,0.405711,1,16,-87,-6,2,53,50,7,26385409,262,1,93,13499,
706.116,13578.4,51.4882,7.40172,178.899,14.1252,0.172172,1,16,-87,-6,2,53,50,7,26385409,262,1,93,13499,
707.117,13593.1,51.4884,7.40174,178.586,13.0416,0.11867,1,21,-88,-6,2,52,50,7,26385409,262,1,93,13499,
708.116,13605.6,51.4885,7.40174,178.205,12.152,0.428886,1,21,-88,-6,2,52,50,7,26385409,262,1,93,13499,
709.116,13615.5,51.4886,7.40174,177.681,11.0461,0.55251,1,18,-84,-6,2,56,54,7,26385409,262,1,93,13499,
710.116,13623.8,51.4886,7.40175,177.594,9.6805,0.00979428,1,18,-84,-6,2,56,54,7,26385409,262,1,93,13499,
711.116,13632.8,51.4887,7.40174,177.269,8.21132,0.0919186,1,15,-81,-6,2,59,56,7,26385409,262,1,93,13499,
712.115,13641.2,51.4888,7.40175,176.974,7.28435,359.761,1,15,-81,-6,2,59,56,7,26385409,262,1,93,13499,
713.116,13648,51.4889,7.40175,176.552,6.43142,358.945,1,15,-81,-6,2,59,56,7,26385409,262,1,93,13499,
714.116,13654.4,51.4889,7.40175,176.151,5.30301,359.422,1,15,-81,-6,2,59,56,7,26385409,262,1,93,13499,
715.116,13659.2,51.489,7.40175,175.608,4.27677,359.871,1,22,-79,-7,2,61,61,7,26385410,262,1,94,13499,
716.115,13663,51.489,7.40175,175.561,2.97665,0.465425,1,22,-79,-7,2,61,61,7,26385410,262,1,94,13499,
717.116,13665.4,51.489,7.40175,175.508,2.29581,0.045201,1,21,-79,-7,2,61,61,7,26385410,262,1,94,13499,
718.116,13667.1,51.489,7.40175,175.476,1.10028,0.519522,1,21,-79,-7,2,61,61,7,26385410,262,1,94,13499,
719.115,13667.1,51.489,7.40175,175.473,0,0.519522,1,21,-79,-7,2,61,61,7,26385410,262,1,94,13499,
720.116,13667.1,51.489,7.40175,175.471,0,0.519522,1,22,-80,-7,2,60,59,7,26385410,262,1,94,13499,
721.116,13667.1,51.489,7.40175,175.47,0,0.519522,1,22,-80,-7,2,60,59,7,26385410,262,1,94,13499,
722.116,13667.1,51.489,7.40175,175.472,0,0.519522,1,22,-79,-7,2,61,59,7,26385410,262,1,94,13499,
723.117,13667.1,51.489,7.40175,175.475,0,0.519522,1,22,-79,-7,2,61,59,7,26385410,262,1,94,13499,
724.116,13667.1,51.489,7.40175,175.479,0,0.519522,1,20,-78,-7,2,62,60,7,26385410,262,1,94,13499,
725.116,13667.1,51.489,7.40175,175.482,0,0.519522,1,20,-78,-7,2,62,60,7,26385410,262,1,94,13499,
726.116,13667.1,51.489,7.40175,175.483,0,0.519522,1,19,-78,-7,2,62,60,7,26385410,262,1,94,13499,
727.116,13667.1,51.489,7.40175,175.484,0,0.519522,1,19,-78,-7,2,62,60,7,26385410,262,1,94,13499,
728.117,13667.1,51.489,7.40175,175.484,0,0.519522,1,20,-78,-7,2,62,60,7,26385410,262,1,94,13499,
729.116,13667.1,51.489,7.40175,175.457,0,359.594,1,20,-78,-7,2,62,60,7,26385410,262,1,94,13499,
730.116,13667.1,51.489,7.40175,175.413,0,359.088,1,19,-78,-7,2,62,60,7,26385410,262,1,94,13499,
731.116,13678.4,51.4891,7.40175,174.9,5.1573,358.788,1,19,-78,-7,2,62,60,7,26385410,262,1,94,13499,
732.116,13683.3,51.4892,7.40175,174.283,5.3172,359.577,1,22,-80,-7,2,60,59,7,26385410,262,1,94,13499,
733.117,13689.2,51.4892,7.40176,173.845,5.53902,0.0360719,1,22,-80,-7,2,60,59,7,26385410,262,1,94,13499,
734.116,13694.4,51.4893,7.40176,173.757,5.97239,0.668785,1,25,-77,-7,2,63,61,7,26385410,262,1,94,13499,
735.115,13701.3,51.4893,7.40179,173.78,5.89106,22.3701,1,25,-77,-7,2,63,61,7,26385410,262,1,94,13499,
736.116,13706.8,51.4894,7.40185,173.258,6.55334,54.3518,1,24,-73,-6,2,67,63,7,26385410,262,1,94,13499,
737.116,13713.7,51.4894,7.40195,172.884,7.18431,77.3004,1,24,-73,-6,2,67,63,7,26385410,262,1,94,13499,
738.118,13721.1,51.4894,7.40205,172.442,8.25072,80.8161,1,29,-70,-6,2,70,63,7,26385410,262,1,94,13499,
739.116,13730.8,51.4894,7.40219,172.261,8.34735,83.3635,1,29,-70,-6,2,70,63,7,26385410,262,1,94,13499,
740.116,13739.4,51.4894,7.40232,171.689,9.44606,85.2568,1,29,-70,-6,2,70,63,7,26385410,262,1,94,13499,
741.116,13749.5,51.4894,7.40246,171.26,10.1689,86.9441,1,28,-71,-5,2,69,63,7,26385410,262,1,94,13499,
742.116,13762.6,51.4894,7.40265,171.982,10.8674,88.4094,1,28,-71,-5,2,69,63,7,26385410,262,1,94,13499,
743.116,13774.6,51.4894,7.40283,173.55,10.703,89.3757,1,22,-69,-5,2,71,63,7,26385410,262,1,94,13499,
744.116,13784.7,51.4894,7.40297,174.858,10.8747,90.1195,1,22,-69,-5,2,71,63,7,26385410,262,1,94,13499,
745.116,13795.4,51.4894,7.40313,175.853,11.2535,90.4221,1,23,-73,-6,2,67,63,7,26385410,262,1,94,13499,
746.116,13807.5,51.4894,7.4033,176.935,11.7369,91.0313,1,23,-73,-6,2,67,63,7,26385410,262,1,94,13499,
747.116,13819.1,51.4894,7.40347,177.803,12.1497,90.6329,1,21,-74,-6,2,66,63,7,26385410,262,1,94,13499,
748.117,13829.8,51.4894,7.40362,177.893,11.9872,90.5113,1,21,-74,-6,2,66,63,7,26385410,262,1,94,13499,
749.116,13841.6,51.4894,7.40379,177.926,11.56,90.9326,1,21,-73,-6,2,67,63,7,26385410,262,1,94,13499,
750.115,13852.5,51.4894,7.40395,177.952,11.8849,91.3201,1,21,-73,-6,2,67,63,7,26385410,262,1,94,13499,
751.116,13864.1,51.4894,7.40412,178.059,12.232,90.9487,1,13,-74,-6,2,66,63,7,26385410,262,1,94,13499,
752.116,13876.7,51.4894,7.4043,178.246,12.6763,90.7293,1,13,-74,-6,2,66,63,7,26385410,262,1,94,13499,
753.117,13889.9,51.4894,7.40449,178.558,13.5073,91.3876,1,9,-77,-7,2,63,61,7,26385410,262,1,94,13499,
754.115,13904.9,51.4894,7.40471,179.489,13.8232,90.7351,1,9,-77,-7,2,63,61,7,26385410,262,1,94,13499,
755.116,13918.9,51.4894,7.40491,180.713,13.548,90.1252,1,3,-78,-10,2,62,62,7,26385410,262,1,94,13499,
756.115,13932.9,51.4894,7.40511,181.874,13.4809,89.6076,1,3,-78,-10,2,62,62,7,26385410,262,1,94,13499,
757.116,13947.7,51.4894,7.40533,183.225,13.4473,88.3451,1,20,-73,-7,2,67,63,7,26385408,262,1,95,13499,
758.118,13959.5,51.4894,7.4055,183.583,13.3932,86.8582,1,20,-73,-7,2,67,63,7,26385408,262,1,95,13499,
759.116,13972.6,51.4894,7.40569,183.664,13.3707,85.0099,1,22,-73,-6,2,67,63,7,26385408,262,1,95,13499,
760.116,13985.2,51.4894,7.40586,182.985,13.6272,82.9365,1,22,-73,-6,2,67,63,7,26385408,262,1,95,13499,
761.116,13999.7,51.4895,7.40607,182.479,13.8497,81.2669,1,22,-73,-6,2,67,63,7,26385408,262,1,95,13499,
762.116,14014,51.4895,7.40627,181.99,14.0255,79.9435,1,22,-73,-6,2,67,63,7,26385408,262,1,95,13499,
763.116,14028.1,51.4895,7.40647,181.569,14.2963,79.0475,1,22,-73,-6,2,67,63,7,26385408,262,1,95,13499,
764.116,14042,51.4895,7.40667,181.23,14.5491,78.4608,1,20,-75,-6,2,65,62,7,26385408,262,1,95,13499,
765.115,14042,51.4895,7.40667,181.23,14.5491,78.4608,1,20,-75,-6,2,65,62,7,26385408,262,1,95,13499,
766.116,14071.6,51.4896,7.40708,180.636,14.9791,78.0857,1,18,-76,-6,2,64,61,7,26385408,262,1,95,13499,
767.116,14086.7,51.4896,7.40729,180.41,14.7855,78.0542,1,18,-76,-6,2,64,61,7,26385408,262,1,95,13499,
768.116,14101.2,51.4897,7.4075,180.001,14.6404,78.3214,1,17,-75,-6,2,65,61,7,26385408,262,1,95,13499,
769.116,14115.1,51.4897,7.40769,179.403,14.5177,78.5243,1,17,-75,-6,2,65,61,7,26385408,262,1,95,13499,
770.115,14129.7,51.4897,7.4079,179.037,14.508,78.7552,1,22,-74,-6,2,66,61,7,26385408,262,1,95,13499,
771.116,14144.3,51.4898,7.40811,178.895,14.5405,78.8226,1,22,-74,-6,2,66,61,7,26385408,262,1,95,13499,
772.116,14157.6,51.4898,7.4083,178.17,14.6975,78.3786,1,14,-73,-5,2,67,61,7,26385408,262,1,95,13499,
773.119,14175.1,51.4898,7.40854,177.848,14.6976,78.0121,1,14,-73,-5,2,67,61,7,26385408,262,1,95,13499,
774.116,14191.1,51.4898,7.40877,177.851,14.8278,77.7867,1,16,-75,-5,2,65,59,7,26385408,262,1,95,13499,
775.116,14204.6,51.4898,7.40896,177.604,14.965,77.7892,1,16,-75,-5,2,65,59,7,26385408,262,1,95,13499,
776.116,14218.5,51.4899,7.40916,177.018,15.0201,77.6277,1,16,-75,-6,2,65,60,7,26385408,262,1,95,13499,
777.116,14232.9,51.4899,7.40937,176.237,15.0914,77.8188,1,16,-75,-6,2,65,60,7,26385408,262,1,95,13499,
778.117,14247.4,51.4899,7.40957,175.317,15.0486,78.0111,1,16,-76,-5,2,64,59,7,26385408,262,1,95,13499,
779.116,14261,51.4899,7.40976,174.148,15.0734,78.3388,1,16,-76,-5,2,64,59,7,26385408,262,1,95,13499,
780.116,14275.7,51.49,7.40997,172.947,14.8309,78.263,1,20,-76,-5,2,64,58,7,26385408,262,1,95,13499,
781.115,14292.3,51.49,7.4102,172.301,14.398,78.3293,1,20,-76,-5,2,64,58,7,26385408,262,1,95,13499,
782.116,14306.5,51.49,7.41041,171.619,14.3557,78.019,1,22,-76,-5,2,64,59,7,26385408,262,1,95,13499,
783.118,14320.2,51.4901,7.4106,170.702,14.1879,77.3831,1,22,-76,-5,2,64,59,7,26385408,262,1,95,13499,
784.116,14333.4,51.4901,7.41078,169.731,13.9314,77.9972,1,22,-76,-5,2,64,59,7,26385408,262,1,95,13499,
785.116,14346.6,51.4901,7.41097,168.83,13.7676,78.15,1,22,-78,-6,2,62,58,7,26385408,262,1,95,13499,
786.115,14360.2,51.4901,7.41116,168.019,13.6705,77.3505,1,22,-78,-6,2,62,58,7,26385408,262,1,95,13499,
787.115,14373.7,51.4902,7.41135,167.42,13.2797,78.095,1,20,-82,-6,2,58,55,7,26385408,262,1,95,13499,
788.118,14386.9,51.4902,7.41154,166.866,12.6492,77.9828,1,20,-82,-6,2,58,55,7,26385408,262,1,95,13499,
789.115,14398.4,51.4902,7.4117,166.365,10.9841,78.5068,1,14,-84,-6,2,56,52,7,26385408,262,1,95,13499,
790.116,14408.4,51.4902,7.41184,166.033,9.03522,78.3033,1,14,-84,-6,2,56,52,7,26385408,262,1,95,13499,
791.115,14416.8,51.4902,7.41197,166.13,6.53337,77.8531,1,19,-86,-6,2,54,50,7,26385408,262,1,95,13499,
